29200,
229,
227,
229,
227,
227,
229,
229,
29200,
229,
227,
227,
455,
681,
907,
1123,
1041,
1207,
1609,
1789,
1939,
1855,
1789,
1955,
1887,
2069,
1955,
1887,
2021,
1971,
1938,
29200,
229,
227,
246,
450,
676,
812,
834,
1038,
1255,
1118,
1188,
1041,
1257,
1091,
1161,
2084,
1332,
1830,
2327,
2848,
3238,
3222,
3238,
3222,
3238,
3206,
3254,
3206,
3254,
3302,
3311,
3311,
3311,
3311,
3311,
3311,
3311,
3311,
3311,
3311,
3311,
3311,
3311,
3311,
3311,
3311,
3311,
3311,
3311,
3311,
3311,
3311,
3174,
3286,
3206,
3254,
3222,
3254,
3311,
3311,
3311,
3311,
3311,
3311,
3311,
3311,
3311,
3311,
3311,
3311,
3311,
3311,
3311,
3311,
3311,
3311,
3311,
3311,
3311,
3311,
3311,
3311,
3311,
3311,
3311,
3311,
3311,
3311,
3311,
3311,
3311,
3311,
3311,
3311,
3311,
3311,
3311,
3311,
3311,
3311,
3311,
3311,
3311,
3311,
3311,
3311,
3311,
3311,
3311,
3311,
3311,
3311,
3311,
3311,
3311,
3311,
3311,
3311,
3311,
3311,
3311,
3311,
3311,
3311,
3311,
3311,
3311,
3311,
3311,
3311,
3311,
3311,
3311,
3311,
3311,
3311,
3311,
3311,
3311,
3311,
3311,
3311,
3311,
3311,
3311,
3311,
3311,
3311,
3311,
3311,
3311,
3311,
3311,
3311,
3311,
3311,
3311,
3311,
3311,
3311,
3311,
3311,
3311,
3311,
3311,
3311,
3311,
3311,
3311,
3311,
3311,
3311,
3311,
3311,
3311,
3311,
3311,
3311,
3311,
3311,
3311,
3311,
3311,
3311,
3311,
3311,
3311,
3311,
3311,
3311,
3311,
3311,
3311,
3311,
3311,
3311,
3311,
3311,
3311,
3311,
3311,
3311,
3311,
3311,
3311,
3311,
3311,
3311,
3311,
3311,
3311,
3311,
3311,
3311,
3311,
3311,
3311,
3311,
3311,
3311,
3311,
3311,
3311,
3311,
3311,
3311,
3311,
3311,
3311,
3311,
3311,
3311,
3311,
3311,
3311,
3311,
3311,
3311,
3311,
3311,
3311,
3311,
3311,
3311,
3311,
3311,
3311,
3311,
3311,
3311,
3311,
3311,
3311,
3311,
3311,
3311,
3311,
3311,
3311,
3311,
3311,
3311,
3311,
3311,
3311,
3311,
3311,
3311,
3311,
3311,
3311,
3311,
3492,
3673,
3854,
3971,
3971,
3971,
3971,
3971,
3971,
3971,
3971,
3971,
3971,
3971,
3971,
3971,
3971,
3971,
3971,
3971,
3971,
3971,
3971,
3971,
3971,
3971,
3971,
3971,
3971,
3971,
3971,
3971,
3971,
3971,
3971,
3971,
3971,
3971,
3971,
3971,
3971,
3971,
3971,
3971,
3971,
3971,
3971,
3971,
3971,
3971,
3971,
3971,
3971,
3971,
3971,
3971,
3971,
3971,
3971,
3971,
3971,
3971,
3971,
3971,
3971,
3971,
3971,
3971,
3971,
3971,
3971,
3971,
3971,
3971,
3971,
3971,
3971,
3971,
3971,
3971,
3971,
3971,
3971,
3971,
3971,
3971,
3971,
3971,
3971,
3971,
3971,
3936,
3869,
3971,
3971,
3971,
3971,
3971,
3971,
3971,
3971,
3971,
3971,
3971,
3971,
3971,
3971,
4152,
4333,
4514,
4695,
4876,
5057,
5057,
5057,
5057,
5057,
5057,
5057,
5057,
5057,
5057,
5057,
5057,
5057,
5057,
5057,
5057,
5057,
5057,
5057,
5057,
5057,
5057,
5057,
5057,
5057,
5057,
5057,
5057,
5057,
5057,
5057,
5057,
5057,
5057,
5057,
5057,
5057,
5057,
5057,
5057,
5057,
5057,
5057,
5057,
5057,
5057,
5057,
5057,
5057,
5057,
5057,
5057,
5057,
5057,
5057,
5057,
5057,
5057,
5057,
5057,
5057,
5057,
5057,
5057,
5057,
5057,
5057,
5057,
5057,
5057,
5057,
5057,
5057,
5057,
5057,
5057,
5057,
5057,
5057,
5057,
5057,
5057,
5057,
5057,
5057,
5057,
5057,
5057,
5057,
5057,
5057,
5057,
5057,
5057,
5057,
5057,
5057,
5057,
5057,
5057,
5057,
5057,
5057,
5057,
5057,
5057,
5057,
5057,
5057,
5057,
5057,
5057,
5057,
5057,
5057,
5057,
5057,
5057,
5057,
5057,
5057,
5057,
5057,
5057,
5057,
5057,
5057,
5057,
5057,
5057,
5057,
5057,
5057,
5057,
5057,
5057,
5057,
5057,
5057,
5057,
5057,
5057,
5057,
5057,
5057,
5057,
5057,
5057,
5057,
5057,
5057,
5057,
5057,
5057,
5057,
5057,
5057,
5057,
5057,
5057,
5057,
5057,
5057,
5057,
5057,
5057,
5057,
5057,
5057,
5057,
5057,
5057,
5057,
5057,
5057,
5057,
4934,
5057,
5057,
5057,
5057,
5057,
5057,
5057,
5057,
5057,
5057,
5057,
5057,
5057,
5057,
5057,
5057,
5057,
5057,
5057,
5057,
5057,
5057,
5057,
5057,
5057,
5057,
5057,
5057,
5057,
5057,
5057,
5057,
5057,
5057,
5057,
5057,
5057,
5057,
5057,
5057,
5057,
5057,
5057,
5057,
5057,
5057,
5057,
5057,
5057,
5057,
5057,
5057,
5057,
5057,
5057,
5057,
5057,
5057,
5057,
5057,
5057,
5057,
5057,
5057,
5057,
5057,
5057,
5057,
5057,
5057,
5057,
5057,
5057,
5057,
5057,
5057,
5057,
5057,
5057,
5057,
5057,
5057,
5049,
4982,
5057,
5238,
5249,
5249,
5249,
5249,
5249,
5249,
5249,
5249,
5249,
5249,
5249,
5249,
5249,
5249,
5249,
5249,
5249,
5249,
5249,
5249,
5249,
5249,
5249,
5249,
5249,
5249,
5249,
5249,
5249,
5249,
5249,
5249,
5249,
5249,
5249,
5249,
5249,
5249,
5249,
5249,
5249,
5249,
5249,
5249,
5249,
5249,
5249,
5249,
5249,
5249,
5249,
5249,
5249,
5249,
5249,
5249,
5249,
5249,
5249,
5249,
5249,
5249,
5249,
5249,
5249,
5249,
5249,
5249,
5249,
5249,
5249,
5238,
5216,
5205,
5194,
5194,
5070,
5070,
5070,
5070,
5070,
5070,
5070,
5070,
5070,
5070,
5070,
5070,
5070,
5070,
5070,
5070,
5070,
5070,
5070,
5070,
5070,
5070,
5070,
5070,
5070,
5070,
5070,
5070,
5070,
5070,
5070,
5070,
5070,
5070,
5070,
5070,
5070,
5048,
5048,
5037,
5037,
5037,
5037,
5037,
5037,
5037,
5037,
5037,
5037,
5037,
5037,
5037,
5037,
5037,
5037,
5037,
5037,
5037,
5037,
5037,
5037,
5037,
5037,
5037,
5037,
5015,
4993,
2358,
2268,
2268,
2268,
2268,
2268,
2246,
2167,
2167,
2032,
2032,
2032,
2222,
2203,
2203,
2203,
2412,
2412,
2412,
2412,
2412,
2412,
2412,
2412,
2480,
3204,
3361,
3361,
3361,
3361,
3361,
3361,
3361,
3361,
3361,
3361,
3361,
3361,
3361,
3361,
3361,
3361,
3361,
3361,
3361,
3361,
3361,
3361,
3361,
3361,
3361,
3361,
3361,
3361,
3361,
3361,
3361,
3361,
3361,
3361,
3361,
3361,
3361,
3361,
3361,
3361,
3361,
3361,
3361,
3361,
3361,
3361,
3361,
3361,
3361,
3361,
3361,
3361,
3361,
3180,
3113,
3102,
3001,
2990,
2979,
2934,
2923,
2561,
2539,
2528,
2506,
2484,
2488,
2488,
2507,
3040,
3285,
3401,
4964,
5249,
5249,
5249,
5249,
5249,
5249,
5249,
5249,
5214,
5232,
5249,
5249,
5249,
5249,
5249,
5249,
5249,
5249,
5249,
5249,
5249,
5249,
5249,
5249,
5249,
5249,
5249,
5249,
5249,
5249,
5249,
5249,
5249,
5249,
5249,
5249,
5249,
5249,
5249,
5249,
5249,
5249,
5249,
5249,
5249,
5249,
5249,
5249,
5249,
5249,
5249,
5249,
5249,
5249,
5249,
5249,
5249,
5249,
5249,
5249,
5249,
5249,
5249,
5249,
5249,
5249,
5249,
5249,
5249,
5249,
5249,
5249,
5249,
5249,
5249,
5227,
5182,
4956,
4911,
5249,
5249,
5249,
5249,
5249,
5249,
5249,
5249,
5249,
5249,
5249,
5249,
5249,
5249,
5249,
5249,
5249,
5249,
5249,
5249,
5249,
5249,
5249,
5249,
5249,
5249,
5249,
5249,
5249,
5249,
5249,
5249,
5249,
5249,
5249,
5249,
5249,
5249,
5249,
5249,
5249,
5249,
5249,
5249,
5249,
5249,
5249,
5249,
5249,
5249,
5249,
5249,
5249,
5249,
5249,
5249,
5249,
5249,
5249,
5249,
5249,
5249,
5249,
5249,
5249,
5249,
5249,
5249,
5249,
5249,
5249,
5249,
5249,
5249,
5249,
5249,
5249,
5249,
5249,
5249,
5249,
5249,
5249,
5249,
5249,
5249,
5249,
5249,
5249,
5249,
5249,
5249,
5249,
5249,
5249,
5249,
5249,
5249,
5249,
5249,
5249,
5249,
5249,
5249,
5249,
5249,
5249,
5249,
5249,
5249,
5249,
5249,
5249,
5249,
5249,
5249,
5249,
5249,
5249,
5249,
5249,
5249,
5249,
5249,
5249,
5249,
5249,
5249,
5249,
5249,
5249,
5249,
5249,
5249,
5249,
5249,
5249,
5249,
5249,
5249,
5249,
5249,
5249,
5249,
5249,
5249,
5249,
5249,
5249,
5249,
5249,
5249,
5249,
5249,
5249,
5249,
5249,
5249,
5249,
5249,
5249,
5249,
5249,
5249,
5249,
5249,
5249,
5249,
5249,
5249,
5249,
5249,
5249,
5249,
5249,
5249,
5249,
5249,
5249,
5249,
5249,
5249,
5249,
5249,
5249,
5249,
5249,
5249,
5249,
5249,
5249,
5249,
5249,
5249,
5249,
5249,
5249,
5249,
5249,
5249,
5249,
5249,
5249,
5249,
5249,
5249,
5249,
5249,
5249,
5249,
5249,
5249,
5249,
5249,
5249,
5249,
5249,
5249,
5249,
5249,
5249,
5249,
5249,
5249,
5249,
5249,
5249,
5249,
5249,
5249,
5249,
5249,
5249,
5249,
5249,
5249,
5249,
5249,
5249,
5249,
5249,
5249,
5249,
5249,
5249,
5249,
5249,
5249,
5249,
5249,
5249,
5249,
5249,
5249,
5249,
5249,
5249,
5249,
5249,
5249,
5249,
5249,
5249,
5249,
5249,
5249,
5249,
5249,
5249,
5249,
5249,
5249,
5249,
5249,
5249,
5249,
5249,
5249,
5249,
5249,
5249,
5249,
5249,
5249,
5249,
5249,
5249,
5249,
5249,
5249,
5249,
5246,
5249,
5249,
5249,
5249,
5249,
5249,
5249,
5249,
5249,
5249,
5249,
5249,
5249,
5249,
5249,
5249,
5249,
5249,
5249,
5249,
5249,
5249,
5249,
5249,
5249,
5249,
5246,
5179,
5249,
5249,
5249,
5249,
5249,
5249,
5249,
5249,
5249,
5249,
5249,
5249,
5249,
5249,
5249,
5249,
5249,
5249,
5249,
5249,
5249,
5249,
5249,
5249,
5249,
5249,
5249,
5249,
5249,
5249,
5249,
5249,
5249,
5249,
5249,
5249,
5249,
5249,
5249,
5249,
5249,
5249,
5249,
5249,
5249,
5249,
5249,
5249,
5249,
5249,
5249,
5249,
5249,
5249,
5249,
5249,
5249,
5249,
5249,
5249,
5249,
5249,
5249,
5249,
5249,
5249,
5249,
5249,
5249,
5249,
5249,
5249,
5249,
5249,
5249,
5249,
5249,
5249,
5249,
5249,
5249,
5249,
5249,
5249,
5249,
5249,
5249,
5249,
5249,
5249,
5249,
5249,
5249,
5249,
5249,
5249,
5249,
5249,
5249,
5249,
5249,
5249,
5249,
5249,
5249,
5249,
5249,
5249,
5249,
5249,
5249,
5249,
5249,
5249,
5249,
5249,
5249,
5249,
5249,
5249,
5249,
5249,
5249,
5249,
5249,
5249,
5249,
5249,
5249,
5249,
5249,
5249,
5249,
5249,
5249,
5249,
5249,
5249,
5249,
5249,
5249,
5249,
5249,
5249,
5249,
5249,
5249,
5249,
5249,
5249,
5249,
5249,
5249,
5249,
5249,
5249,
5249,
5249,
5249,
5249,
5249,
5249,
5249,
5249,
5249,
5249,
5249,
5249,
5249,
5249,
5249,
5249,
5249,
5249,
5249,
5249,
5249,
5249,
5249,
5249,
5249,
5249,
5249,
5249,
5249,
5249,
5249,
5249,
5249,
5249,
5249,
5249,
5249,
5249,
5249,
5249,
5249,
5249,
5249,
5249,
5249,
5249,
5249,
5249,
5249,
5249,
5249,
5249,
5249,
5249,
5249,
5249,
5249,
5249,
5249,
5249,
5249,
5249,
5249,
5249,
5249,
5249,
5249,
5249,
5249,
5249,
5249,
5249,
5249,
5249,
5249,
5249,
5249,
5249,
5249,
5249,
5249,
5249,
5249,
5249,
5249,
5249,
5249,
5249,
5249,
5249,
5249,
5249,
5249,
5249,
5249,
5249,
5249,
5249,
5249,
5249,
5249,
5249,
5249,
5249,
5249,
5249,
5249,
5249,
5249,
5249,
5249,
5249,
5249,
5249,
5249,
5249,
5249,
5249,
5249,
5249,
5249,
5249,
5249,
5249,
5249,
5249,
5249,
5249,
5249,
5249,
5249,
5249,
5249,
5249,
5249,
5249,
5249,
5249,
5249,
5249,
5249,
5249,
5249,
5249,
5249,
5249,
5249,
5249,
5249,
5249,
5249,
5249,
5249,
5249,
5249,
5249,
5249,
5249,
5249,
5249,
5249,
5249,
5249,
5249,
5249,
5249,
5249,
5249,
5249,
5227,
5205,
5205,
5205,
5205,
5205,
5205,
5205,
5205,
5205,
5205,
5205,
5205,
5205,
5205,
5205,
5205,
5205,
5205,
5205,
5205,
5205,
5205,
5205,
5205,
5205,
5205,
5205,
5205,
5205,
5205,
5205,
5205,
5205,
5205,
5205,
5205,
5205,
5205,
5205,
5205,
5205,
5205,
5205,
5205,
5205,
5205,
5205,
5205,
5205,
5205,
5205,
5205,
5205,
5205,
5205,
5205,
5205,
5205,
5205,
5205,
5205,
5205,
5205,
5205,
5205,
5205,
5205,
5205,
5205,
5205,
5194,
5161,
2265,
2243,
2130,
2119,
2108,
2052,
2041,
2030,
1872,
1861,
1839,
1817,
1784,
1773,
1853,
1842,
1816,
2133,
2115,
2096,
2326,
2315,
2289,
2271,
2519,
2501,
2482,
2931,
2920,
2909,
2875,
3110,
3088,
3077,
3483,
3715,
3715,
3704,
3913,
4806,
5091,
5094,
5094,
5094,
5094,
5094,
5094,
5094,
5094,
5094,
5094,
5094,
5094,
5094,
5094,
5094,
5094,
5094,
5094,
5094,
5094,
5094,
5094,
5094,
5094,
5094,
5094,
5094,
5094,
5094,
5094,
5094,
5094,
5094,
5094,
5094,
5094,
5094,
5094,
5094,
5094,
5094,
5094,
5094,
5094,
5094,
5094,
5094,
5094,
5094,
5094,
5094,
5094,
5094,
5094,
5094,
5094,
5094,
5094,
5094,
5094,
5094,
5094,
5094,
5094,
5094,
5094,
5094,
5094,
5094,
5094,
5094,
5094,
5094,
5094,
5094,
5094,
5094,
5094,
5094,
5094,
5094,
5094,
5094,
5094,
5094,
5094,
5094,
5094,
5094,
5094,
5094,
5094,
3420,
3398,
3365,
3241,
3230,
3208,
3197,
2700,
2519,
2429,
2396,
2385,
2363,
2352,
2330,
2319,
2308,
2297,
2275,
2264,
2253,
2163,
2062,
2051,
2040,
2018,
2007,
1996,
1985,
1895,
1884,
1783,
1761,
1750,
1739,
1728,
1717,
1706,
1627,
1616,
1266,
1255,
1176,
1165,
1064,
1053,
1031,
1020,
1009,
970,
952,
941,
915,
896,
896,
885,
874,
863,
841,
536,
536,
91,
1,
0,
227,
0,
227,
0,
227,
0,
273,
559,
1174,
1155,
1043,
998,
920,
1962,
2235,
2967,
4091,
5430,
5611,
5792,
5973,
6110,
6110,
6110,
6110,
6110,
6110,
6110,
6110,
6110,
6110,
6110,
6110,
6110,
6110,
6110,
6110,
6110,
6110,
6110,
6110,
6110,
6110,
6110,
6110,
6110,
6110,
6110,
6110,
6110,
6110,
6110,
6110,
6110,
6110,
6110,
6110,
6110,
6110,
6110,
6110,
6110,
6110,
6110,
6110,
6110,
6110,
6110,
6110,
6110,
6110,
6110,
6110,
6110,
6110,
6110,
6110,
6110,
6110,
6110,
6110,
6110,
6110,
6110,
6110,
6110,
6110,
6110,
6110,
6110,
6110,
6110,
6110,
6110,
6110,
6110,
6110,
6110,
6110,
6110,
6110,
6110,
6110,
6110,
6110,
6110,
6110,
6110,
6110,
6110,
6110,
6110,
6110,
6110,
6110,
6110,
6110,
6110,
6110,
6110,
6110,
6110,
6110,
6110,
6110,
6110,
6110,
6110,
6110,
6110,
6110,
6110,
6110,
6110,
6110,
6110,
6110,
6110,
6110,
6110,
6110,
6110,
6110,
6110,
6110,
6110,
6110,
6110,
6110,
6110,
6110,
6110,
6110,
6110,
6110,
6110,
6110,
6110,
6110,
6110,
6110,
6110,
6110,
6110,
6110,
6110,
6110,
6110,
6110,
6110,
6110,
6110,
6090,
6024,
5979,
5934,
5889,
5844,
5788,
5766,
5710,
5665,
5337,
5060,
4799,
4501,
4501,
4468,
4446,
4426,
4408,
4389,
4371,
4352,
4334,
4315,
4296,
4277,
4259,
4240,
4222,
4203,
3831,
3831,
3798,
3776,
3756,
3738,
3719,
3701,
3682,
3664,
3645,
3626,
3607,
3589,
3570,
3552,
3533,
3161,
2751,
2751,
2323,
1932,
1423,
914,
2400,
1880,
1360,
1360,
795,
1432,
889,
757,
203,
504,
95,
20,
9,
0,
227,
0,
227,
0,
227,
0,
119,
272,
578,
576,
694,
828,
963,
1097,
1232,
1347,
1481,
1616,
1750,
1885,
2019,
2135,
2269,
2403,
2538,
2672,
2807,
2923,
3057,
3192,
4448,
4583,
4717,
4833,
4968,
5102,
5237,
5371,
5505,
5639,
5755,
5890,
6024,
6110,
6140,
6200,
6200,
6246,
6291,
6336,
6381,
6427,
6472,
6517,
6562,
6608,
6653,
6698,
6743,
6789,
6834,
6879,
6924,
6970,
7015,
7060,
7105,
7151,
7196,
7241,
7286,
7332,
7377,
7422,
7467,
7513,
7558,
7603,
7648,
7694,
7739,
7784,
7829,
7875,
7920,
7965,
8010,
8056,
8101,
8146,
8191,
8237,
8282,
8327,
8372,
8374,
8374,
8374,
8374,
7964,
7964,
7964,
7964,
7964,
7964,
7964,
7964,
7964,
7964,
7964,
7964,
7964,
7964,
7964,
7964,
7964,
7964,
7964,
7964,
7964,
7964,
7964,
7964,
7964,
7964,
7964,
7964,
7964,
7964,
7964,
7964,
7964,
7964,
7964,
7964,
7964,
7964,
7964,
7964,
7964,
7964,
7964,
7964,
7964,
7964,
7964,
7964,
7964,
7964,
7964,
7953,
7953,
7953,
7953,
7953,
7953,
7953,
7953,
7953,
7953,
7953,
7953,
7953,
7953,
7953,
7953,
7953,
7953,
7953,
7953,
7953,
7953,
7953,
7953,
7953,
7953,
7953,
7953,
7953,
7953,
7953,
7953,
7953,
7953,
7953,
7953,
7953,
7953,
7953,
7953,
7953,
7953,
7953,
7953,
7953,
7953,
7953,
7953,
7953,
7953,
7953,
7953,
7953,
7953,
7953,
7953,
7953,
7953,
7953,
7953,
7953,
7953,
7953,
7953,
7953,
7953,
7953,
7953,
7953,
7953,
7953,
7953,
7953,
7953,
7953,
7953,
7953,
7953,
7953,
7953,
7953,
7953,
7953,
7953,
7953,
7953,
7953,
7953,
7953,
7953,
7953,
7953,
7953,
7953,
7953,
7953,
7953,
7953,
7953,
7953,
7953,
7953,
7953,
7953,
7953,
7953,
7953,
7953,
7953,
7953,
7953,
7953,
7953,
7953,
7953,
7953,
7953,
7953,
7953,
7953,
7953,
7953,
7953,
7953,
7953,
7953,
7953,
7953,
7953,
7953,
7953,
7953,
7953,
7953,
7953,
7953,
7953,
7953,
7953,
7953,
7953,
7953,
7953,
7953,
7953,
7953,
7953,
7953,
7953,
7953,
7953,
7953,
7953,
7953,
7953,
7953,
7953,
7953,
7953,
7953,
7953,
7953,
7953,
7953,
7953,
7953,
7953,
7953,
7953,
7953,
7953,
7953,
7953,
7953,
7953,
7953,
7953,
7953,
7953,
7953,
7953,
7953,
7953,
7953,
7953,
7953,
7953,
7953,
7953,
7953,
7953,
7953,
7953,
7953,
7953,
7953,
7953,
7953,
7953,
7953,
7953,
7953,
7953,
7953,
7953,
7953,
7953,
7953,
7953,
7953,
7953,
7953,
7953,
7953,
7953,
7953,
7953,
7953,
7953,
7953,
7953,
7953,
7953,
7953,
7953,
7953,
7953,
7953,
7953,
7953,
7953,
7953,
7953,
7953,
7953,
7953,
7953,
7953,
7953,
7953,
7953,
7953,
7953,
7953,
7953,
7953,
7953,
7953,
7953,
7953,
7953,
7953,
7953,
7953,
7953,
7953,
7953,
7953,
7953,
7953,
7953,
7953,
7953,
7953,
7953,
7953,
7953,
7953,
7953,
7953,
7953,
7953,
7953,
7953,
7953,
7953,
7953,
7953,
7953,
7953,
7953,
7953,
7953,
7953,
7953,
7953,
7953,
7953,
7953,
7953,
7953,
7953,
7953,
7953,
7953,
7953,
7953,
7953,
7953,
7953,
7953,
7953,
7953,
7953,
7953,
7953,
7953,
7953,
7953,
7953,
7953,
7953,
7953,
7953,
7953,
7953,
7953,
7953,
7953,
7953,
7953,
7953,
7953,
7953,
7953,
7953,
7953,
7953,
7953,
7953,
7953,
7953,
7953,
7953,
7953,
7953,
7953,
7953,
7953,
7953,
7953,
7953,
7953,
7953,
7953,
7953,
7953,
7953,
7953,
7953,
7953,
7953,
7953,
7953,
7953,
7953,
7953,
7953,
7953,
7953,
7953,
7953,
7953,
7953,
7953,
7953,
7953,
7953,
7953,
7953,
7953,
7953,
7953,
7953,
7953,
7953,
7953,
7953,
7953,
7953,
7953,
7953,
7953,
7953,
7953,
7953,
7953,
7953,
7953,
7953,
7953,
7953,
7953,
7953,
7953,
7953,
7953,
7953,
7953,
7953,
7953,
7953,
7953,
7953,
7953,
7953,
7953,
7953,
7953,
7953,
7953,
7953,
7953,
7953,
7953,
7953,
7953,
7953,
7953,
7953,
7953,
7953,
7953,
7953,
7953,
7953,
7953,
7953,
7953,
7953,
7953,
7953,
7953,
7953,
7953,
7953,
7953,
7953,
7953,
7953,
7953,
7953,
7953,
7953,
7953,
7953,
7953,
7953,
7953,
7953,
7953,
7953,
6924,
6811,
6800,
6721,
6688,
5964,
5885,
5648,
5637,
5174,
3285,
2675,
2642,
2009,
1990,
1971,
1376,
892,
616,
341,
145,
47,
14,
1494,
1219,
943,
668,
293,
130,
12,
1,
0,
227,
0,
227,
0,
168,
633,
1098,
1682,
2227,
2725,
2675,
3068,
3597,
4449,
4977,
7191,
7906,
7992,
8215,
8442,
8578,
8782,
8872,
9008,
9053,
9212,
9302,
9460,
9506,
9664,
9755,
9923,
9923,
9923,
9923,
9923,
9923,
9923,
9923,
9693,
9511,
9311,
9129,
8928,
8746,
8549,
8370,
8190,
7976,
7797,
7583,
7369,
7173,
6943,
6713,
6518,
6288,
6058,
5846,
5600,
5338,
5022,
4706,
4390,
4073,
3738,
3403,
3068,
2733,
2380,
2026,
1672,
1318,
1553,
1738,
1901,
2083,
2345,
2535,
2733,
2342,
2373,
2354,
1944,
1864,
2059,
2267,
1840,
1894,
2089,
1624,
1624,
1418,
1694,
1751,
1286,
1497,
1757,
1254,
1254,
1290,
1271,
1446,
943,
942,
1103,
1066,
544,
861,
973,
414,
414,
414,
358,
488,
786,
730,
134,
134,
134,
226,
375,
524,
96,
357,
673,
134,
301,
636,
115,
189,
524,
96,
357,
673,
134,
208,
543,
692,
134,
208,
710,
134,
245,
394,
77,
357,
673,
134,
208,
748,
153,
227,
376,
525,
17,
332,
412,
5,
292,
627,
3154,
3154,
2391,
2678,
1898,
2206,
1437,
1346,
1449,
680,
386,
488,
590,
2348,
1523,
1467,
1434,
1401,
1368,
1335,
1302,
1618,
770,
1245,
397,
942,
437,
693,
352,
794,
335,
269,
575,
663,
337,
592,
312,
396,
448,
551,
572,
405,
507,
319,
761,
293,
227,
278,
380,
605,
363,
619,
303,
286,
389,
487,
270,
576,
369,
455,
557,
660,
27,
446,
717,
819,
345,
127,
280,
9,
110,
263,
366,
548,
363,
618,
30,
358,
800,
297,
362,
618,
344,
344,
88,
241,
547,
649,
752,
1007,
715,
597,
700,
498,
229,
535,
4,
80,
233,
233,
7,
96,
249,
382,
873,
222,
257,
360,
546,
246,
552,
252,
252,
186,
237,
339,
420,
287,
593,
226,
252,
186,
287,
329,
226,
261,
313,
364,
446,
244,
550,
218,
252,
134,
287,
329,
362,
618,
222,
252,
236,
339,
440,
33,
389,
660,
27,
345,
361,
464,
566,
23,
379,
649,
288,
222,
273,
376,
14,
124,
258,
360,
44,
108,
261,
261,
1,
123,
276,
410,
3,
107,
260,
34,
109,
262,
279,
40,
7,
141,
294,
42,
143,
296,
431,
58,
160,
263,
41,
144,
297,
25,
158,
464,
41,
143,
296,
24,
159,
1,
159,
465,
42,
143,
296,
24,
159,
261,
58,
161,
3,
162,
264,
75,
228,
25,
141,
6,
142,
142,
7,
156,
258,
37,
139,
139,
4,
121,
274,
274,
3,
88,
88,
9,
151,
304,
439,
32,
3577,
3694,
2744,
1794,
1342,
1922,
972,
1131,
479,
392,
232,
194,
76,
9,
128,
27,
329,
329,
108,
125,
24,
232,
232,
96,
29,
7,
142,
7,
125,
24,
401,
401,
66,
133,
32,
252,
252,
151,
203,
34,
152,
17,
268,
80,
13,
107,
123,
22,
170,
86,
19,
196,
87,
20,
209,
17,
170,
86,
19,
196,
223,
152,
17,
268,
83,
16,
240,
138,
3,
72,
5,
123,
22,
301,
95,
130,
29,
209,
209,
209,
153,
153,
68,
221,
256,
301,
129,
113,
12,
379,
513,
247,
143,
229,
202,
100,
135,
34,
152,
17,
287,
153,
18,
268,
83,
16,
104,
120,
19,
170,
86,
19,
195,
110,
9,
111,
10,
112,
11,
113,
12,
498,
357,
218,
165,
30,
135,
135,
82,
26,
4,
147,
147,
12,
264,
144,
73,
108,
7,
108,
7,
110,
9,
110,
263,
366,
603,
275,
302,
113,
12,
134,
100,
33,
164,
164,
45,
12,
1,
125,
125,
125,
1,
89,
10,
154,
154,
293,
246,
135,
34,
100,
135,
34,
147,
72,
107,
78,
223,
529,
1141,
1482,
1449,
1416,
1599,
1563,
1665,
1530,
1395,
1271,
1271,
1113,
989,
865,
865,
707,
583,
459,
1312,
1312,
1312,
1086,
962,
844,
844,
686,
562,
438,
438,
280,
860,
736,
736,
578,
454,
330,
330,
491,
367,
367,
209,
270,
146,
146,
147,
125,
125,
1,
91,
244,
550,
652,
755,
700,
834,
936,
789,
748,
850,
703,
611,
866,
719,
779,
882,
984,
837,
745,
1000,
853,
743,
845,
845,
727,
981,
846,
729,
985,
850,
884,
1140,
1005,
888,
1142,
1007,
1196,
1061,
943,
1198,
1063,
946,
1202,
1067,
1051,
1102,
1236,
1236,
1169,
1056,
989,
810,
943,
774,
806,
908,
1011,
955,
774,
642,
896,
704,
589,
844,
675,
568,
702,
702,
510,
357,
612,
443,
386,
642,
461,
303,
607,
426,
268,
573,
675,
1084,
1101,
920,
729,
662,
595,
528,
461,
394,
361,
6671,
6604,
6571,
6605,
6859,
6740,
6875,
6694,
6636,
6892,
6723,
6642,
6930,
6762,
7049,
7029,
7011,
6992,
7127,
7108,
7090,
7071,
7053,
7042,
7031,
7009,
6987,
6965,
6943,
6922,
6908,
7041,
7023,
7004,
6986,
6967,
6949,
6930,
6912,
6893,
6871,
6849,
6827,
6805,
6783,
6763,
6744,
6577,
7016,
6998,
6979,
6961,
6942,
6924,
6905,
6887,
6868,
6850,
6830,
6812,
6793,
6775,
6756,
6738,
6742,
7029,
6880,
6884,
7019,
6870,
6967,
7102,
7236,
7049,
7049,
7016,
6994,
6974,
6956,
6937,
6919,
6900,
6882,
6863,
6852,
6852,
6959,
6940,
6922,
6903,
6885,
7019,
7001,
7135,
7117,
7106,
7106,
7073,
7051,
7029,
7007,
6985,
6967,
6948,
6930,
6911,
6900,
6889,
6867,
6845,
6823,
6801,
6766,
7053,
7034,
7016,
6997,
6979,
6960,
6942,
6923,
6905,
6886,
6867,
6848,
6830,
6811,
6793,
6774,
6760,
7047,
6880,
6865,
7000,
6832,
6892,
7026,
7124,
6956,
6923,
7210,
7005,
7005,
6972,
6950,
7236,
7218,
7199,
7181,
7162,
7144,
7125,
7106,
7095,
7084,
7062,
7040,
7018,
6962,
7550,
7531,
7513,
7494,
7476,
7457,
7439,
7420,
7402,
7383,
7364,
7345,
7327,
7308,
7290,
7271,
7067,
7767,
7749,
7730,
7712,
7693,
7675,
7656,
7638,
7619,
7601,
7581,
7563,
7544,
7526,
7507,
7489,
7484,
7987,
7801,
7894,
8043,
8192,
8006,
8304,
8453,
8564,
8378,
8359,
8676,
8490,
9088,
8902,
9106,
9200,
9349,
9162,
9143,
9627,
9441,
9535,
9684,
9923,
9923,
9923,
9923,
9923,
9702,
9702,
9669,
9647,
9627,
9609,
9590,
9572,
9553,
9535,
9516,
9497,
9888,
9877,
9866,
9844,
9822,
9591,
9591,
9558,
9536,
9923,
9923,
9923,
9923,
9923,
9923,
9923,
9923,
9923,
9923,
9923,
9923,
9923,
9923,
9923,
9869,
9923,
9923,
9923,
9923,
9923,
9923,
9923,
9923,
9923,
9923,
9923,
9923,
9923,
9923,
9923,
9923,
9923,
9923,
9923,
9923,
9923,
9923,
9923,
9923,
9887,
9923,
9923,
9923,
9923,
9923,
9923,
9923,
9923,
9923,
9923,
9923,
9923,
9923,
9923,
9923,
9923,
9923,
9923,
9923,
9923,
9923,
9923,
9923,
9923,
9923,
9923,
9923,
9923,
9923,
9923,
9923,
9923,
9923,
9850,
9923,
9923,
9923,
9923,
9923,
9923,
9923,
9923,
9923,
9923,
9923,
9923,
9923,
9923,
9923,
9923,
9923,
9923,
9923,
9923,
9923,
9923,
9923,
9849,
9923,
9923,
9923,
9923,
9923,
9923,
9923,
9923,
9923,
9923,
9923,
9923,
9923,
9923,
9905,
9886,
9923,
9923,
9923,
9923,
9923,
9923,
9923,
9923,
9923,
9923,
9923,
9923,
9923,
9923,
9700,
9923,
9923,
9923,
9923,
9923,
9923,
9923,
9923,
9923,
9923,
9923,
9923,
9923,
9923,
9923,
9923,
9923,
9923,
9923,
9923,
9923,
9923,
9923,
9923,
9923,
9923,
9923,
9923,
9923,
9923,
9923,
9923,
9923,
9923,
9923,
9923,
9923,
9923,
9923,
9923,
9923,
9923,
9923,
9923,
9923,
9923,
9923,
9923,
9923,
9923,
9923,
9923,
9923,
9832,
9923,
9923,
9923,
9923,
9906,
9887,
9869,
9850,
9832,
9813,
9794,
9775,
9757,
9738,
9727,
9727,
9727,
9671,
9649,
9627,
9608,
9589,
9571,
9552,
9534,
9514,
9496,
9477,
9459,
9448,
9426,
9426,
9393,
9371,
9349,
9328,
9310,
9291,
9273,
9254,
9236,
9216,
9198,
9179,
9161,
9150,
9150,
9150,
9094,
9072,
9050,
9030,
9012,
8993,
8975,
8956,
8937,
8918,
8900,
8881,
8870,
8848,
8848,
8848,
8792,
8770,
8751,
8732,
8714,
8695,
8677,
8658,
8639,
8620,
8602,
8583,
8572,
8561,
8550,
8453,
8937,
8695,
8696,
9013,
9161,
8919,
9068,
9217,
9515,
9236,
9236,
9203,
9181,
9161,
9142,
9124,
9105,
9087,
9236,
9217,
9198,
9514,
9496,
9477,
9459,
9440,
9161,
9644,
9625,
9607,
9588,
9570,
9551,
9533,
9514,
9496,
9477,
9458,
9439,
9421,
9402,
9384,
9373,
9272,
9756,
9496,
9533,
9682,
9923,
9618,
9585,
9726,
9843,
9617,
9617,
9550,
9550,
9517,
9517,
9472,
9439,
9406,
9373,
9340,
9307,
9274,
9263,
9241,
9208,
9175,
9175,
9175,
9119,
9119,
9086,
9075,
9053,
9042,
9020,
9020,
8987,
8987,
8954,
8943,
8921,
8921,
8888,
8888,
8855,
8855,
8855,
8855,
8754,
8754,
8721,
8721,
8721,
8721,
8620,
8609,
8576,
8543,
8510,
8477,
8455,
8455,
8410,
8377,
8366,
8344,
8333,
8311,
8289,
8278,
8256,
8245,
8223,
8212,
8190,
8179,
8157,
7818,
7819,
7801,
7768,
7735,
7702,
7669,
7636,
7603,
7570,
7537,
7515,
7504,
7482,
7471,
7438,
7405,
7056,
8341,
8002,
7833,
7953,
7614,
7343,
7661,
7322,
7221,
7450,
7976,
7637,
7332,
7620,
7281,
7944,
7605,
7436,
7302,
7269,
7236,
7203,
7170,
7137,
7104,
7389,
7642,
7303,
7842,
7503,
7373,
8170,
7831,
7562,
7815,
7476,
7866,
8068,
8322,
8042,
8179,
8750,
8470,
8496,
9085,
8806,
9283,
9569,
9289,
9352,
9637,
9923,
9923,
9923,
9923,
9923,
9923,
9923,
9923,
9923,
9923,
9923,
9923,
9923,
9923,
9923,
9923,
9923,
9923,
9923,
9923,
9923,
9923,
9923,
9923,
9923,
9923,
9923,
9923,
9923,
9923,
9923,
9923,
9923,
9923,
9923,
9923,
9923,
9923,
9923,
9923,
9923,
9923,
9923,
9923,
9923,
9923,
9923,
9923,
9923,
9923,
9923,
9923,
9923,
9923,
9923,
9923,
9923,
9923,
9923,
9923,
9923,
9923,
9923,
9923,
9923,
9923,
9923,
9923,
9923,
9923,
9923,
9923,
9923,
9923,
9923,
9923,
9923,
9923,
9923,
9923,
9777,
9923,
9923,
9923,
9923,
9923,
9923,
9923,
9923,
9923,
9923,
9923,
9923,
9923,
9923,
9923,
9923,
9923,
9923,
9923,
9796,
9759,
9461,
9923,
9923,
9923,
9923,
9923,
9923,
9923,
9923,
9923,
9923,
9923,
9628,
9665,
9923,
9923,
9923,
9923,
9628,
9591,
9739,
9888,
9591,
9870,
9923,
9923,
9923,
9923,
9923,
9923,
9628,
9628,
9777,
9923,
9923,
9923,
9923,
9923,
9923,
9923,
9923,
9923,
9923,
9591,
9907,
9887,
9869,
9850,
9832,
9813,
9795,
9776,
9758,
9739,
9720,
9701,
9683,
9664,
9646,
9627,
9609,
9923,
9906,
9887,
9869,
9850,
9832,
9813,
9795,
9776,
9758,
9738,
9720,
9701,
9683,
9664,
9646,
9627,
9775,
9757,
9738,
9720,
9701,
9683,
9664,
9646,
9627,
9609,
9589,
9571,
9552,
9534,
9515,
9497,
9441,
9441,
9385,
9365,
9347,
9328,
9310,
9291,
9273,
9254,
9235,
9216,
9198,
9179,
9161,
9142,
9124,
8751,
9194,
8810,
8601,
8718,
8311,
8826,
8419,
8297,
8414,
8007,
7781,
8065,
8065,
8065,
8065,
7894,
7849,
7804,
7759,
7714,
7692,
7670,
7648,
7626,
7604,
7582,
7560,
7542,
7523,
7505,
7472,
7427,
7427,
7382,
7382,
7337,
7326,
7293,
7293,
7248,
7237,
7204,
7193,
7160,
7149,
7116,
7116,
7060,
7049,
7016,
7005,
6972,
6961,
6939,
6928,
6906,
6884,
6873,
6851,
6840,
6818,
6796,
6389,
6511,
6093,
5856,
5929,
6213,
5795,
5773,
5950,
6087,
5680,
5477,
5617,
5210,
5550,
5517,
5484,
5451,
5418,
4966,
4808,
5243,
4802,
4497,
4621,
4811,
4370,
4355,
4577,
4765,
4311,
4311,
4448,
4733,
4490,
4081,
4081,
4540,
4919,
5147,
4756,
4793,
5201,
4772,
4772,
4746,
5000,
5253,
4843,
5359,
5580,
5133,
5133,
5100,
5078,
5058,
5040,
5021,
5003,
4984,
4966,
5232,
5821,
6107,
5679,
5945,
6212,
5747,
5747,
5747,
5691,
5672,
5653,
5635,
5616,
5598,
5579,
5561,
5541,
6435,
6416,
6638,
6619,
6601,
6582,
6135,
6706,
6992,
7277,
7563,
8151,
8359,
8508,
8024,
8024,
7991,
7969,
7949,
7931,
7912,
7894,
8434,
8416,
8397,
8378,
8359,
8341,
8322,
8304,
8285,
7987,
8198,
7668,
7799,
7929,
8077,
7556,
7556,
7523,
7501,
7481,
7463,
7444,
7426,
7407,
7389,
7370,
7891,
7873,
7854,
7836,
7817,
7799,
7278,
7427,
7576,
7891,
7352,
7352,
7319,
7297,
7277,
7258,
7240,
7221,
7203,
7519,
7501,
7481,
7463,
7444,
7426,
7407,
7389,
6868,
7482,
6849,
7251,
6640,
6795,
6117,
6114,
6399,
6516,
5838,
5670,
5786,
5062,
4887,
5060,
5177,
4442,
4284,
4291,
3579,
3274,
3231,
3348,
2602,
2501,
2590,
1844,
1573,
1540,
749,
7200,
6657,
6628,
5848,
5679,
5612,
4787,
4425,
3611,
3409,
3376,
3343,
3310,
3277,
3244,
3211,
3178,
3145,
2297,
1449,
1416,
1383,
1350,
5695,
4802,
3931,
3049,
2914,
2032,
1693,
4334,
3418,
2502,
2265,
2198,
1237,
1181,
1148,
1115,
3324,
2374,
1402,
1063,
996,
2437,
1453,
1640,
622,
1303,
867,
1123,
128,
561,
647,
749,
693,
1427,
2957,
4901,
4856,
4811,
4766,
5304,
5090,
5153,
5868,
5969,
5732,
5648,
5904,
5667,
5513,
5646,
5420,
5426,
5529,
5631,
5405,
5277,
5533,
5307,
5535,
5275,
5275,
5219,
5174,
5129,
5084,
5039,
4994,
4994,
4994,
4994,
4818,
4934,
4934,
5049,
5049,
4993,
4756,
5110,
4896,
4625,
4625,
4579,
4682,
4422,
4422,
4422,
4267,
4382,
4517,
4269,
4324,
4426,
4528,
4404,
4269,
3964,
4095,
3824,
4181,
3910,
3688,
3944,
3662,
3470,
3573,
3291,
3099,
3355,
3073,
2932,
3033,
3136,
2854,
3069,
2787,
2747,
2799,
2901,
2630,
2375,
2578,
2533,
2488,
2443,
2673,
2402,
2521,
2774,
2503,
2710,
3204,
2933,
3121,
3375,
3104,
3121,
3375,
3518,
3247,
3793,
3488,
3488,
3591,
3813,
3883,
3578,
3578,
3585,
4014,
4014,
3735,
3735,
3895,
4071,
4292,
4013,
4013,
4200,
4453,
4442,
4155,
4155,
4357,
4611,
4368,
4652,
4652,
4373,
4373,
4669,
4669,
4935,
5189,
4946,
4990,
4990,
4711,
5064,
5349,
5602,
5360,
5595,
5830,
5588,
5692,
5978,
5736,
5798,
6387,
6146,
6319,
6077,
6139,
6425,
6182,
6412,
7002,
6759,
7021,
7288,
7047,
7106,
7268,
7027,
7027,
7269,
7417,
7176,
7195,
7418,
7177,
7363,
7512,
7270,
7344,
7401,
7159,
7401,
7643,
7792,
7551,
7625,
7718,
7477,
7569,
7886,
8370,
8519,
8277,
8314,
8463,
8221,
8333,
8482,
8239,
8333,
8482,
8239,
7979,
7961,
7924,
7904,
7886,
8202,
8351,
8110,
8407,
8556,
8314,
8296,
8445,
8202,
8296,
8445,
8202,
8277,
8426,
8742,
8500,
8463,
8612,
8370,
8668,
8798,
8556,
8537,
8686,
8445,
8537,
8686,
8445,
8500,
8649,
8407,
8519,
8668,
8426,
8537,
8686,
8445,
8594,
8742,
8500,
8426,
8574,
8333,
8519,
8668,
8426,
8351,
8500,
8259,
8500,
8612,
8370,
8314,
8463,
8221,
8500,
8649,
8780,
8537,
8537,
8835,
8594,
8519,
8668,
8426,
8463,
8780,
8537,
8463,
8612,
8370,
8631,
8780,
8537,
8500,
8649,
8407,
8500,
8649,
8407,
8445,
8574,
8333,
8426,
8574,
8333,
8407,
8537,
8296,
8407,
8556,
8314,
8445,
8594,
8351,
8519,
8668,
8426,
8351,
8500,
8259,
8445,
8594,
8314,
8314,
8281,
8259,
8239,
8221,
8202,
8184,
8165,
8147,
8128,
8109,
8090,
8072,
8053,
8370,
8348,
8053,
8053,
8053,
7997,
7978,
8462,
8444,
8425,
8407,
8388,
8370,
8350,
8332,
8313,
8295,
8276,
8265,
8243,
8146,
8295,
8015,
8331,
8312,
8294,
8610,
8592,
8573,
8555,
8536,
8518,
8499,
8480,
8461,
8443,
8424,
8406,
8395,
8294,
8610,
8332,
8332,
8299,
8277,
8256,
8237,
8219,
8200,
8182,
8163,
8145,
8125,
8107,
8088,
8070,
8051,
8200,
7921,
7921,
7888,
7866,
7846,
7827,
7809,
8293,
8274,
8256,
8237,
8218,
8199,
8181,
8162,
8144,
8125,
8013,
8161,
8143,
8124,
8106,
8087,
8069,
8050,
8032,
8013,
7995,
7975,
7957,
7938,
7920,
7901,
7879,
7752,
7752,
7719,
7697,
7677,
7659,
7640,
7622,
7603,
7585,
7566,
7547,
7528,
7510,
7491,
7473,
7462,
7528,
7677,
7399,
7399,
7366,
7344,
7323,
7304,
7286,
7267,
7249,
7230,
7212,
7192,
7174,
7155,
7137,
7118,
7107,
7107,
7074,
7052,
7695,
8011,
7993,
8142,
8123,
8105,
8086,
8067,
8048,
8030,
8011,
7993,
7982,
7982,
7949,
7927,
7905,
7883,
7862,
7844,
7825,
7807,
7788,
7769,
7750,
7732,
7713,
7695,
7684,
7750,
7472,
7472,
7439,
7417,
7397,
7378,
7360,
7341,
7323,
7304,
7286,
7266,
7248,
7229,
7211,
7360,
7490,
7211,
7211,
7178,
7156,
7434,
7415,
7397,
7378,
7360,
7341,
7323,
7303,
7285,
7266,
7248,
7229,
7211,
7117,
7360,
7100,
7249,
6988,
7192,
7174,
6914,
6634,
6616,
6597,
6579,
6559,
6541,
6522,
6839,
7193,
6932,
7026,
6765,
6933,
7064,
6804,
6952,
6692,
6767,
6916,
6655,
6544,
6767,
6470,
6470,
6437,
6415,
6395,
6376,
6693,
6674,
6656,
6637,
6619,
6599,
6581,
6562,
6544,
6525,
6507,
6507,
6469,
6450,
6432,
6413,
6395,
6376,
6358,
6339,
6321,
6301,
6283,
6264,
6246,
6227,
6209,
6172,
6320,
6301,
6283,
6264,
6246,
6227,
6209,
6190,
6172,
6153,
6134,
6115,
6097,
6078,
6060,
6041,
5892,
5892,
5859,
5837,
5817,
5799,
5780,
5762,
5743,
5725,
5706,
5687,
5668,
5650,
5631,
5613,
5594,
5445,
5780,
5762,
5743,
5725,
5706,
5688,
5669,
5651,
5632,
5614,
5594,
5576,
5557,
5539,
5520,
5502,
5390,
5669,
5390,
5391,
5111,
5205,
5353,
4991,
4991,
5006,
4726,
4708,
5006,
4726,
4709,
4429,
4429,
4578,
4299,
4188,
3871,
3871,
4113,
4243,
4019,
4019,
3853,
4001,
3684,
3684,
3963,
3665,
3517,
3665,
3349,
3498,
3200,
3423,
3554,
3256,
3368,
3033,
3033,
3088,
3349,
3181,
3170,
2995,
2995,
2566,
2617,
2734,
2327,
2373,
2490,
2106,
2119,
1766,
1766,
1821,
1970,
1708,
1616,
1616,
1243,
1243,
1372,
1689,
1354,
1280,
945,
945,
1094,
722,
722,
871,
590,
218,
553,
553,
162,
255,
51,
348,
497,
106,
106,
217,
50,
180,
639,
249,
249,
192,
527,
843,
973,
601,
601,
750,
341,
341,
414,
381,
61,
191,
339,
79,
359,
79,
173,
321,
61,
359,
79,
211,
360,
80,
360,
80,
192,
340,
62,
360,
80,
192,
340,
62,
192,
43,
340,
488,
98,
191,
42,
322,
489,
99,
192,
43,
230,
201,
145,
123,
101,
81,
63,
44,
11,
311,
564,
421,
421,
67,
269,
369,
284,
61,
191,
526,
98,
303,
62,
191,
397,
81,
192,
43,
379,
565,
119,
193,
44,
175,
323,
63,
63,
341,
63,
192,
341,
194,
658,
1384,
2893,
5928,
9923,
9923,
9923,
9923,
9923,
9923,
9923,
9923,
9923,
9923,
9923,
9923,
9923,
9923,
9923,
9923,
9923,
9923,
9923,
9923,
9923,
9923,
9923,
9923,
9923,
9923,
9923,
9923,
9923,
9923,
9923,
9923,
9923,
9923,
9923,
9923,
9923,
9923,
9923,
9923,
9923,
9923,
9923,
9923,
9923,
9923,
9923,
9923,
9923,
9923,
9923,
9923,
9923,
9923,
9923,
9923,
9923,
9923,
9923,
9923,
9923,
9923,
9923,
9923,
9923,
9923,
9923,
9923,
9923,
9923,
9923,
9923,
9923,
9923,
9923,
9923,
9923,
9923,
9923,
9923,
9923,
9923,
9923,
9923,
9923,
9923,
9923,
9912,
9894,
9875,
9857,
9912,
9923,
9923,
9923,
9923,
9923,
9923,
9923,
9923,
9820,
9923,
9923,
9923,
9782,
9782,
9749,
9727,
9707,
9688,
9670,
9651,
9633,
9923,
9923,
9923,
9923,
9923,
9923,
9923,
9923,
9923,
9923,
9923,
9782,
9923,
9923,
9923,
9923,
9923,
9923,
9912,
9894,
9889,
9923,
9923,
9923,
9923,
9923,
9923,
9923,
9923,
9923,
9923,
9923,
9923,
9923,
9923,
9923,
9923,
9923,
9923,
9923,
9923,
9923,
9923,
9923,
9923,
9923,
9923,
9923,
9923,
9923,
9923,
9923,
9923,
9923,
9923,
9923,
9923,
9923,
9923,
9923,
9923,
9923,
9923,
9923,
9923,
9923,
9923,
9923,
9923,
9923,
9923,
9923,
9923,
9923,
9923,
9923,
9923,
9923,
9923,
9923,
9923,
9923,
9923,
9923,
9923,
9923,
9923,
9923,
9923,
9923,
9923,
9923,
9923,
9923,
9923,
9923,
9923,
9923,
9923,
9923,
9923,
9923,
9923,
9923,
9923,
9923,
9923,
9923,
9923,
9923,
9923,
9923,
9923,
9923,
9923,
9923,
9923,
9923,
9923,
9923,
9923,
9923,
9923,
9923,
9923,
9923,
9923,
9923,
9923,
9923,
9746,
9746,
9713,
9691,
9671,
9652,
9634,
9615,
9764,
9746,
9727,
9716,
9705,
9683,
9661,
9639,
9617,
9597,
9745,
9726,
9708,
9689,
9671,
9652,
9634,
9615,
9597,
9578,
9559,
9540,
9522,
9503,
9485,
9466,
9299,
9635,
9467,
9504,
9635,
9467,
9449,
9321,
9923,
9923,
9923,
9923,
9923,
9914,
9896,
9877,
9859,
9923,
9923,
9923,
9923,
9923,
9923,
9923,
9923,
9923,
9923,
9923,
9923,
9923,
9923,
9923,
9923,
9923,
9923,
9923,
9923,
9923,
9923,
9923,
9923,
9923,
9895,
9876,
9858,
9839,
9821,
9802,
9784,
9765,
9754,
9743,
9721,
9699,
9677,
9655,
9635,
9467,
9923,
9923,
9913,
9895,
9876,
9858,
9839,
9821,
9802,
9784,
9764,
9746,
9727,
9709,
9690,
9672,
9672,
9672,
9639,
9617,
9597,
9578,
9560,
9541,
9523,
9504,
9486,
9466,
9448,
9429,
9411,
9392,
9374,
9392,
9541,
9392,
9634,
9486,
9504,
9355,
9821,
9672,
9690,
9541,
9690,
9839,
9653,
9653,
9653,
9597,
9578,
9560,
9541,
9523,
9672,
9653,
9635,
9624,
9613,
9591,
9569,
9547,
9525,
9504,
9486,
9801,
9783,
9764,
9746,
9727,
9709,
9690,
9672,
9653,
9635,
9615,
9597,
9578,
9560,
9541,
9523,
9504,
9504,
9471,
9449,
9429,
9411,
9392,
9374,
9355,
9337,
9318,
9299,
9292,
9270,
9248,
9226,
9206,
9188,
9169,
9151,
9131,
9113,
9113,
9080,
9224,
9540,
9522,
9503,
9485,
9466,
9448,
9429,
9410,
9391,
9373,
9354,
9336,
9317,
9317,
9923,
9923,
9923,
9923,
9923,
9923,
9923,
9923,
9923,
9923,
9923,
9923,
9923,
9923,
9923,
9923,
9923,
9923,
9923,
9913,
9895,
9876,
9858,
9839,
9820,
9801,
9783,
9764,
9746,
9727,
9690,
9838,
9820,
9801,
9783,
9764,
9746,
9727,
9709,
9690,
9672,
9652,
9630,
9608,
9586,
9564,
9542,
9672,
9672,
9672,
9672,
9596,
9577,
9559,
9540,
9522,
9503,
9485,
9465,
9447,
9428,
9410,
9391,
9373,
9354,
9336,
9317,
9465,
9279,
9373,
9187,
9410,
9224,
9205,
9354,
9168,
9466,
9410,
9558,
9539,
9521,
9502,
9484,
9465,
9447,
9428,
9410,
9391,
9372,
9353,
9335,
9316,
9298,
9279,
9391,
9391,
9358,
9336,
9315,
9297,
9278,
9260,
9241,
9223,
9204,
9185,
9166,
9148,
9129,
9111,
9092,
9018,
9166,
9147,
9128,
9110,
9091,
9073,
9054,
9036,
9017,
8999,
8979,
8961,
8950,
8939,
8917,
8895,
8664,
8664,
8631,
8609,
8588,
8569,
8551,
8532,
8514,
8495,
8477,
8457,
8663,
8644,
8626,
8607,
8589,
8552,
8701,
8495,
8458,
8254,
8552,
8776,
8570,
8570,
8366,
8329,
8645,
8441,
8516,
8273,
8273,
8240,
8218,
8198,
8180,
8161,
8143,
8124,
8106,
8087,
8068,
8049,
8031,
8012,
7994,
8143,
8292,
8049,
8049,
8016,
7994,
7974,
8291,
8272,
8254,
8235,
8217,
8198,
8179,
8160,
8142,
8131,
8131,
8098,
8076,
8054,
8032,
8011,
7993,
7974,
7956,
7937,
7918,
7899,
7881,
7870,
7870,
7837,
7815,
7793,
7771,
7750,
7732,
7713,
7695,
7676,
7657,
7638,
7620,
7609,
7609,
7576,
7554,
7532,
7510,
7489,
7471,
7452,
7434,
7415,
7396,
7377,
7359,
7348,
7348,
7315,
7293,
7271,
7249,
7228,
7210,
7191,
7173,
7154,
7135,
7116,
7098,
7087,
7087,
7054,
7032,
7010,
6988,
6967,
6949,
6930,
6912,
6893,
6874,
6855,
6837,
6818,
6800,
6781,
6706,
6854,
6836,
6817,
6799,
6780,
6762,
6743,
6725,
6706,
6688,
6668,
6650,
6631,
6613,
6594,
6576,
6482,
6482,
6449,
6427,
6407,
6389,
6370,
6352,
6333,
6315,
6296,
6277,
6258,
6240,
6221,
6203,
6184,
6258,
6406,
6388,
6369,
6351,
6332,
6314,
6295,
6277,
6258,
6240,
6220,
6202,
6183,
6165,
6146,
6128,
5885,
6109,
5868,
5960,
6091,
5849,
5961,
6110,
5869,
5999,
5758,
5925,
6075,
5926,
8085,
8067,
8048,
8196,
8383,
8365,
8354,
8332,
8310,
8291,
8272,
8254,
8234,
8216,
8197,
8179,
8216,
8364,
8345,
8327,
8308,
8290,
8271,
8253,
8242,
8231,
8209,
8187,
8165,
8143,
8122,
8104,
8085,
8179,
8179,
8146,
8124,
8104,
8085,
8067,
8048,
8026,
8004,
7982,
7960,
7938,
7918,
7899,
7881,
7862,
7993,
8234,
8216,
8197,
8179,
8160,
8142,
8123,
8105,
8086,
8068,
8048,
8030,
8011,
7993,
7974,
7956,
8105,
7994,
8496,
8385,
8422,
8571,
8422,
8422,
8389,
8367,
8347,
8329,
8310,
8292,
8273,
8262,
8262,
8229,
8207,
8185,
8163,
8143,
8330,
8311,
8300,
8300,
8267,
8245,
8223,
8201,
8181,
8162,
8144,
8133,
8122,
8100,
8078,
8056,
8034,
8013,
7995,
8013,
8329,
8310,
8292,
8273,
8255,
8236,
8218,
8199,
8181,
8162,
8143,
8124,
8106,
8087,
8069,
8050,
8144,
8293,
8125,
8125,
8092,
8070,
8274,
8256,
8237,
8219,
8200,
8182,
8163,
8144,
8125,
8107,
8088,
8070,
8051,
8051,
8534,
8516,
8497,
8479,
8460,
8442,
8423,
8405,
8386,
8375,
8375,
8342,
8320,
8298,
8276,
8255,
8236,
8218,
8199,
8188,
8177,
8155,
8133,
8111,
8089,
8069,
8069,
9054,
9036,
9017,
8999,
8980,
8962,
8943,
8925,
8906,
8888,
8868,
8850,
8831,
8813,
8794,
8776,
8962,
8776,
8776,
8743,
8721,
8701,
8682,
8664,
8645,
8627,
8625,
8603,
8581,
8559,
8537,
8515,
8496,
8478,
8459,
8608,
9149,
9223,
9371,
9352,
9334,
9315,
9297,
9278,
9260,
9241,
9223,
9204,
9182,
9160,
9138,
9116,
9094,
9074,
8888,
9148,
9148,
9148,
9092,
9074,
9055,
9037,
9018,
9000,
8981,
8962,
8943,
8925,
8906,
8888,
8869,
8851,
8832,
8832,
8981,
8814,
8981,
9129,
8962,
9130,
8963,
8963,
9112,
8944,
9186,
9335,
9167,
9353,
9186,
9112,
9428,
9224,
9224,
9191,
9169,
9149,
9130,
9112,
9093,
9392,
9374,
9355,
9336,
9317,
9299,
9280,
9262,
9243,
9374,
9485,
9466,
9448,
9429,
9411,
9392,
9374,
9355,
9337,
9318,
9299,
9277,
9255,
9233,
9211,
9189,
9318,
9318,
9285,
9263,
9242,
9224,
9205,
9187,
9168,
9150,
9131,
9112,
9093,
9075,
9056,
9038,
9019,
9299,
9280,
9262,
9242,
9224,
9205,
9187,
9168,
9150,
9466,
9653,
9653,
9620,
9598,
9578,
9560,
9541,
9523,
9504,
9486,
9467,
9448,
9429,
9411,
9392,
9374,
9355,
9337,
9653,
9467,
9429,
9206,
9206,
9173,
9151,
9131,
9113,
9262,
9243,
9392,
9374,
9355,
9336,
9317,
9306,
9295,
9273,
9251,
9355,
9503,
9503,
9465,
9447,
9428,
9410,
9391,
9373,
9354,
9336,
9316,
9298,
9279,
9261,
9242,
9224,
9205,
9149,
9297,
9278,
9260,
9241,
9223,
9204,
9186,
9167,
9149,
9130,
9111,
9092,
9081,
9070,
9048,
9026,
9130,
9130,
9097,
9075,
9054,
9036,
9017,
8999,
8980,
8962,
8943,
8924,
8905,
8887,
8868,
8850,
8831,
8627,
8943,
8738,
8776,
9091,
8887,
8794,
8645,
9819,
9800,
9782,
9763,
9745,
9725,
9707,
9923,
9923,
9923,
9923,
9923,
9923,
9912,
9725,
9923,
9923,
9923,
9923,
9923,
9923,
9923,
9911,
9893,
9874,
9863,
9863,
9830,
9808,
9786,
9764,
9743,
9724,
9706,
9687,
9669,
9647,
9625,
9603,
9581,
9559,
9538,
9520,
9520,
9487,
9465,
9445,
9426,
9408,
9389,
9371,
9352,
9334,
9314,
9296,
9277,
9259,
9240,
9222,
9371,
9519,
9519,
9482,
9463,
9445,
9426,
9408,
9389,
9371,
9352,
9333,
9314,
9296,
9277,
9259,
9240,
9222,
9315,
9315,
9282,
9260,
9240,
9222,
9203,
9185,
9166,
9148,
9129,
9110,
9091,
9073,
9054,
9036,
9017,
9017,
9186,
9018,
9018,
8851,
9130,
9261,
9093,
9075,
8870,
8870,
8837,
8815,
8795,
8777,
8758,
8740,
8721,
8703,
8684,
8665,
8654,
8643,
8621,
8599,
8577,
8573,
8369,
8369,
8336,
8314,
8293,
8274,
8256,
8237,
8219,
8200,
8182,
8162,
8151,
8627,
8608,
8590,
8571,
8553,
8534,
8516,
8497,
8479,
8460,
8441,
8430,
8430,
8397,
8375,
8353,
8331,
8310,
8292,
8273,
8255,
8236,
8217,
8195,
8173,
8151,
8129,
8107,
8069,
8069,
8036,
8014,
7993,
7974,
7956,
7937,
7919,
7900,
7882,
7862,
7844,
7825,
7807,
7788,
7770,
7919,
8068,
7882,
7844,
7621,
7621,
7588,
7566,
7546,
7527,
7509,
7472,
7453,
7435,
7415,
7382,
7382,
7349,
7327,
7305,
7285,
7434,
7415,
7397,
7378,
7360,
7340,
7322,
7311,
7300,
7278,
7256,
7360,
7584,
7564,
7546,
7527,
7509,
7490,
7472,
7453,
7435,
7416,
7397,
7378,
7367,
7367,
7334,
7312,
7290,
7268,
7248,
7229,
7211,
7192,
7174,
7154,
7136,
7125,
7125,
7092,
7070,
7048,
7026,
7005,
6987,
6968,
6950,
6931,
6912,
6893,
6882,
6882,
6849,
6827,
6805,
6783,
6763,
6744,
6726,
6707,
6689,
6669,
6651,
6640,
6629,
6607,
6585,
6521,
6521,
6488,
6466,
6445,
6427,
6408,
6390,
6371,
6353,
6334,
6315,
6296,
6278,
6259,
6241,
6222,
6147,
6630,
6612,
6593,
6575,
6556,
6538,
6519,
6501,
6482,
6464,
6444,
6426,
6407,
6396,
6385,
6363,
6109,
6574,
6555,
6537,
6518,
6835,
6984,
6965,
6947,
6928,
6910,
6890,
6872,
6853,
6842,
6831,
6809,
6890,
6890,
6857,
6835,
6815,
6797,
6778,
6760,
6741,
6723,
6704,
6685,
6666,
6648,
6629,
6611,
6592,
6537,
6313,
6406,
6182,
6164,
6462,
6239,
6182,
5959,
5996,
5773,
5885,
6054,
5830,
5980,
5756,
5775,
5924,
5701,
5999,
5776,
5813,
5553,
5553,
5520,
5498,
5478,
5460,
5441,
5423,
5404,
5386,
5367,
5348,
5329,
5311,
5292,
5274,
5255,
5404,
5553,
5292,
5292,
5259,
5237,
5217,
5199,
5180,
5497,
5478,
5460,
5441,
5422,
5403,
5385,
5366,
5355,
5355,
5322,
5300,
5278,
5256,
5236,
5217,
5199,
5180,
5162,
5142,
5124,
5105,
5087,
5068,
5050,
4956,
4956,
4677,
4882,
5105,
4864,
4808,
4566,
4434,
4626,
4310,
4051,
4018,
3985,
3952,
3919,
3886,
3570,
3683,
3367,
3243,
2927,
2661,
2778,
2462,
2168,
1852,
1558,
1242,
948,
632,
632,
409,
167,
242,
577,
335,
465,
224,
224,
373,
130,
373,
130,
205,
353,
112,
205,
38,
335,
335,
55,
223,
372,
129,
241,
55,
353,
502,
223,
223,
204,
37,
166,
166,
17,
334,
483,
203,
203,
203,
54,
334,
482,
203,
464,
464,
166,
166,
315,
304,
36,
36,
165,
333,
54,
54,
222,
222,
36,
165,
165,
16,
333,
53,
53,
164,
332,
332,
52,
220,
609,
1761,
1481,
1481,
1692,
1394,
1394,
1410,
1343,
1332,
1038,
1038,
1451,
1153,
1153,
1271,
1147,
861,
861,
1063,
766,
766,
1281,
983,
995,
715,
715,
689,
689,
391,
391,
794,
497,
497,
439,
439,
141,
141,
314,
314,
53,
560,
846,
585,
917,
656,
582,
321,
227,
376,
116,
358,
98,
190,
339,
79,
190,
41,
339,
339,
246,
321,
656,
599,
581,
562,
768,
917,
1047,
823,
823,
748,
748,
506,
506,
543,
785,
580,
543,
338,
507,
804,
599,
544,
339,
284,
41,
41,
338,
97,
97,
152,
152,
22,
301,
301,
40,
40,
7,
151,
40,
7,
264,
264,
39,
6,
319,
767,
1083,
1400,
1140,
1270,
1029,
954,
712,
843,
601,
695,
452,
378,
136,
155,
490,
229,
304,
416,
696,
845,
993,
1309,
1031,
1031,
1049,
970,
2148,
4549,
6467,
6448,
6430,
6411,
6393,
6952,
6932,
6914,
6895,
6877,
6858,
6840,
6821,
6803,
6784,
6765,
6896,
6896,
6863,
6841,
6821,
6803,
6784,
6766,
6747,
6729,
6710,
6691,
6672,
6654,
6635,
6617,
6598,
6486,
6877,
6858,
6840,
6821,
6803,
6784,
6773,
6762,
6740,
6718,
6696,
6674,
6654,
6635,
6617,
6598,
6654,
6654,
6621,
6599,
6579,
6560,
6542,
6523,
6505,
6486,
6468,
6448,
6430,
6411,
6393,
6374,
6356,
6597,
6746,
6616,
6616,
6616,
6560,
6541,
6522,
6504,
6653,
6631,
6765,
6765,
6732,
6710,
6689,
6670,
6652,
6633,
6615,
6596,
6578,
6558,
6540,
6521,
6503,
6484,
6466,
6670,
6670,
6637,
6615,
6595,
6577,
6558,
6540,
6521,
6503,
6484,
6465,
6446,
6428,
6409,
6391,
6372,
6260,
6409,
6260,
6260,
6227,
6205,
6185,
6167,
6148,
6391,
6372,
6521,
6521,
6488,
6466,
6446,
6428,
6409,
6391,
6372,
6361,
6350,
6328,
6306,
6284,
6262,
6242,
6223,
6280,
6280,
6247,
6225,
6205,
6186,
6168,
6149,
6131,
6112,
6094,
6074,
6056,
6037,
6019,
6000,
5982,
6168,
6430,
6299,
6318,
6150,
6150,
6117,
6095,
6075,
6057,
6038,
6020,
6001,
5983,
5972,
5972,
5939,
5917,
5895,
5873,
5851,
5833,
5814,
5796,
6038,
6019,
6000,
5982,
5963,
5945,
5926,
5759,
5759,
5726,
5704,
5684,
5665,
5647,
5628,
5610,
5591,
5740,
5888,
5870,
5851,
5833,
5814,
5796,
5647,
5796,
5647,
5870,
6019,
5870,
5888,
5740,
5888,
6168,
6019,
6037,
5888,
5908,
6056,
5908,
6131,
5945,
5945,
5912,
5890,
5870,
5851,
5833,
5814,
5796,
5777,
5759,
5737,
5715,
5693,
5671,
5814,
5963,
5777,
5777,
5744,
5722,
5702,
6019,
6000,
5982,
5963,
5945,
5926,
5926,
5915,
5882,
5860,
5838,
5816,
5795,
5776,
5758,
5739,
5721,
5710,
5699,
5677,
5655,
5633,
5609,
5609,
5576,
5554,
5534,
5515,
5497,
5478,
5460,
5441,
5590,
5571,
5552,
5534,
5515,
5497,
5478,
5627,
5460,
5478,
5702,
5535,
5516,
5740,
5535,
5535,
5502,
5480,
5460,
5441,
5423,
5572,
5553,
5535,
5516,
5497,
5478,
5460,
5441,
5423,
5404,
5535,
5740,
5722,
5703,
5685,
5666,
5648,
5629,
5611,
5592,
5574,
5554,
5543,
5543,
5510,
5488,
5466,
5444,
5424,
5405,
5387,
5368,
5350,
5330,
5312,
5293,
5275,
5256,
5238,
5201,
5201,
5168,
5146,
5126,
5107,
5089,
5070,
5052,
5033,
5015,
4995,
4977,
5052,
5201,
5015,
5406,
5723,
5984,
6133,
6281,
6095,
6113,
5927,
6076,
6301,
6115,
6227,
6338,
6152,
6264,
6413,
6190,
6338,
6320,
6469,
6450,
6432,
6413,
6395,
6376,
6358,
6339,
6320,
6301,
6290,
6279,
6257,
6235,
6339,
6487,
6468,
6449,
6431,
6412,
6394,
6375,
6357,
6338,
6320,
6300,
6282,
6260,
6238,
6216,
6194,
5965,
6281,
6262,
6244,
6225,
6207,
6188,
6170,
6151,
6133,
6114,
6095,
6076,
6065,
6054,
6032,
6010,
6114,
6262,
6243,
6224,
6206,
6187,
6169,
6150,
6132,
6113,
6095,
6075,
6057,
6038,
6020,
6001,
5983,
5946,
6244,
6113,
9205,
9187,
9167,
9149,
9130,
9119,
9097,
9075,
9056,
9205,
9354,
9335,
9316,
9298,
9279,
9261,
9335,
9819,
9726,
9857,
9923,
9923,
9923,
9923,
9923,
9923,
9923,
9923,
9923,
9923,
9923,
9923,
9923,
9923,
9923,
9923,
9923,
9923,
9923,
9923,
9923,
9923,
9923,
9923,
9923,
9923,
9923,
9923,
9923,
9923,
9923,
9923,
9923,
9923,
9923,
9923,
9923,
9923,
9923,
9923,
9923,
9923,
9923,
9923,
9923,
9923,
9923,
9923,
9923,
9923,
9923,
9923,
9923,
9923,
9923,
9923,
9923,
9923,
9923,
9923,
9923,
9923,
9923,
9923,
9923,
9923,
9923,
9923,
9923,
9923,
9923,
9923,
9923,
9923,
9923,
9923,
9923,
9923,
9923,
9923,
9923,
9923,
9923,
9923,
9923,
9923,
9923,
9923,
9923,
9923,
9923,
9923,
9923,
9923,
9923,
9923,
9923,
9923,
9923,
9923,
9923,
9923,
9923,
9923,
9923,
9923,
9923,
9923,
9923,
9923,
9923,
9923,
9923,
9923,
9923,
9923,
9923,
9923,
9923,
9923,
9923,
9923,
9923,
9923,
9923,
9923,
9923,
9923,
9923,
9923,
9923,
9923,
9923,
9923,
9923,
9923,
9923,
9923,
9923,
9923,
9923,
9923,
9923,
9923,
9923,
9923,
9923,
9923,
9923,
9923,
9923,
9923,
9923,
9923,
9923,
9923,
9923,
9923,
9923,
9923,
9923,
9923,
9894,
9875,
9857,
9838,
9820,
9801,
9783,
9764,
9746,
9726,
9708,
9689,
9671,
9923,
9923,
9923,
9923,
9923,
9923,
9923,
9923,
9923,
9923,
9923,
9923,
9923,
9923,
9923,
9923,
9923,
9923,
9923,
9923,
9923,
9923,
9923,
9923,
9923,
9923,
9923,
9923,
9923,
9923,
9923,
9923,
9923,
9923,
9923,
9923,
9923,
9923,
9923,
9923,
9923,
9923,
9913,
9923,
9923,
9923,
9923,
9923,
9923,
9923,
9923,
9923,
9923,
9923,
9923,
9923,
9923,
9923,
9923,
9923,
9923,
9923,
9923,
9923,
9923,
9923,
9923,
9923,
9923,
9923,
9923,
9923,
9923,
9923,
9923,
9923,
9923,
9923,
9923,
9923,
9923,
9923,
9923,
9923,
9923,
9923,
9923,
9923,
9923,
9923,
9923,
9923,
9923,
9923,
9923,
9923,
9923,
9923,
9923,
9923,
9923,
9923,
9923,
9923,
9923,
9923,
9923,
9923,
9923,
9923,
9923,
9923,
9923,
9923,
9923,
9923,
9923,
9923,
9923,
9923,
9923,
9912,
9894,
9875,
9856,
9837,
9819,
9800,
9782,
9763,
9726,
9874,
9856,
9837,
9819,
9800,
9782,
9763,
9745,
9726,
9708,
9688,
9670,
9651,
9633,
9614,
9596,
9745,
9894,
9708,
9923,
9923,
9923,
9923,
9923,
9923,
9923,
9923,
9923,
9923,
9912,
9689,
9689,
9656,
9634,
9614,
9596,
9577,
9559,
9540,
9522,
9503,
9484,
9465,
9614,
9603,
9581,
9559,
9336,
9336,
9303,
9281,
9762,
9744,
9725,
9707,
9688,
9670,
9651,
9632,
9613,
9595,
9576,
9558,
9539,
9484,
9484,
9451,
9429,
9408,
9389,
9371,
9352,
9334,
9315,
9297,
9277,
9259,
9240,
9222,
9203,
9185,
8980,
9316,
9111,
9037,
9018,
9000,
8981,
8962,
8943,
8925,
8906,
8888,
9037,
9353,
9331,
9298,
9278,
9260,
9241,
9223,
9204,
9186,
9167,
9149,
9129,
9111,
9092,
9074,
9055,
9037,
9000,
8757,
8757,
8724,
8702,
8682,
8664,
8645,
8627,
8608,
8590,
8571,
8887,
8868,
8850,
8839,
8839,
8806,
8784,
8762,
8740,
8719,
8701,
8682,
8664,
8645,
8626,
8607,
8589,
8570,
8552,
8533,
8626,
8626,
8593,
8571,
8551,
8532,
8514,
8495,
8477,
8458,
8440,
8420,
8402,
8383,
8365,
8346,
8328,
8346,
8532,
8514,
8495,
8477,
8458,
8440,
8421,
8403,
8384,
8366,
8346,
8328,
8309,
8291,
8272,
8254,
8031,
8179,
7956,
8011,
8160,
7937,
8068,
7844,
7788,
7937,
7714,
7733,
7994,
8291,
8068,
8032,
8162,
8310,
8646,
8795,
9112,
9075,
9056,
9038,
9019,
9000,
8981,
8963,
8944,
8926,
9075,
9187,
8926,
8926,
8893,
8871,
8851,
8832,
8814,
8795,
8777,
8758,
8740,
8720,
8702,
8683,
8832,
8821,
8963,
8702,
8702,
8669,
8647,
8627,
9112,
9093,
9075,
9056,
9038,
9019,
9000,
8981,
8963,
8944,
8933,
8922,
8814,
9129,
9111,
9092,
9074,
9055,
9037,
9018,
9000,
8981,
8963,
8943,
8925,
8906,
8888,
8866,
8844,
8571,
8757,
8739,
8720,
8702,
8683,
8665,
8646,
8628,
8609,
8591,
8571,
8553,
8534,
8516,
8497,
8479,
8404,
8591,
8349,
8274,
8591,
8349,
8442,
8591,
8349,
8331,
8629,
8386,
8498,
8256,
8256,
8405,
8163,
8256,
8405,
8163,
8256,
8386,
8107,
8107,
8074,
8052,
8032,
8013,
7995,
7976,
7958,
7939,
7921,
7901,
7883,
7864,
7846,
7827,
7816,
7883,
8032,
7753,
7753,
7720,
7698,
7957,
7938,
7920,
7901,
7883,
7864,
7846,
7826,
7808,
7789,
7771,
7752,
7741,
7640,
7789,
7511,
8050,
8031,
8012,
7994,
7975,
7957,
7938,
7920,
7901,
7883,
7863,
7845,
7826,
7808,
7789,
7778,
7734,
7883,
7623,
7511,
8740,
8721,
8703,
8684,
8832,
9149,
8852,
9167,
9148,
9129,
9111,
9092,
9074,
9055,
9037,
9018,
9000,
8980,
8962,
8943,
8925,
8906,
8888,
8794,
8943,
8683,
8757,
9074,
8813,
8906,
9223,
8962,
8925,
9112,
8851,
8758,
9075,
8814,
8870,
9019,
8759,
8666,
8982,
8722,
8796,
8965,
8667,
8667,
8634,
8612,
8592,
8573,
8555,
8536,
8518,
8499,
8481,
8461,
8443,
8424,
8406,
8387,
8369,
8406,
8555,
9039,
9020,
9002,
8983,
9131,
8834,
9337,
9337,
9300,
9281,
9263,
9244,
9226,
9207,
9189,
9170,
9151,
9132,
9114,
9095,
9077,
9058,
9047,
8928,
8630,
8630,
8597,
8575,
8555,
8536,
8518,
8499,
8481,
8462,
8444,
8424,
8406,
8387,
8536,
8518,
8834,
8536,
8536,
8503,
8481,
8796,
8778,
8759,
8741,
8722,
8704,
8685,
8666,
8647,
8629,
8610,
8592,
8573,
8461,
8778,
8498,
8629,
8778,
8498,
8555,
8275,
8331,
8480,
8201,
8257,
8406,
8126,
8275,
8406,
8126,
8015,
7736,
7885,
8462,
8444,
8424,
8406,
8387,
8536,
9020,
9504,
9710,
9578,
9560,
9541,
9523,
9504,
9486,
9467,
9449,
9430,
9412,
9392,
9374,
9355,
9337,
9318,
9300,
9188,
8871,
8871,
8838,
8816,
8796,
8778,
8759,
8741,
8722,
8704,
8685,
8666,
8647,
8629,
8778,
9020,
9002,
8667,
8667,
8634,
8612,
8592,
8908,
8890,
8871,
8853,
8834,
8816,
8796,
8778,
8759,
8741,
8722,
8704,
8671,
8638,
8616,
8594,
8573,
8555,
8536,
8518,
8499,
8481,
8461,
8443,
8424,
8406,
8387,
8369,
8387,
8387,
8354,
8332,
8312,
8294,
8275,
8257,
8238,
8220,
8201,
8182,
8163,
8145,
8126,
8108,
8089,
7791,
7940,
8071,
7773,
7828,
8126,
7828,
7903,
9895,
9876,
9857,
9838,
9820,
9801,
9783,
9764,
9923,
9923,
9923,
9923,
9923,
9923,
9923,
9923,
9923,
9923,
9923,
9923,
9923,
9923,
9923,
9923,
9912,
9894,
9875,
9857,
9838,
9820,
9801,
9783,
9764,
9745,
9726,
9708,
9689,
9671,
9652,
9619,
9619,
9563,
9541,
9522,
9503,
9485,
9466,
9448,
9429,
9410,
9391,
9373,
9354,
9336,
9317,
9299,
9168,
9317,
8982,
9187,
9168,
9150,
9131,
9113,
9094,
9076,
9057,
9039,
9020,
9001,
8982,
8964,
8945,
8927,
8908,
8722,
9038,
9019,
9001,
8982,
8964,
8945,
8927,
8908,
8890,
8871,
8852,
8833,
8815,
8796,
8778,
8759,
8406,
8517,
8498,
8480,
8461,
8443,
8424,
8406,
8387,
8369,
8350,
8331,
8312,
8294,
8275,
8257,
8238,
8182,
8149,
8127,
8107,
8088,
8070,
8051,
8033,
8014,
7996,
7976,
7958,
7939,
7921,
7902,
7884,
7884,
8032,
8013,
7995,
7976,
7958,
7939,
7921,
7902,
7884,
7865,
7846,
7827,
7809,
7790,
7772,
7753,
7604,
7288,
7549,
7232,
7269,
7400,
7083,
7140,
6823,
6897,
7028,
6711,
6656,
6339,
6190,
6172,
6153,
6135,
6115,
6097,
6078,
6060,
6041,
6023,
6339,
6190,
5874,
6228,
5912,
6135,
5781,
5781,
5748,
5726,
5706,
5688,
5669,
5651,
5632,
5614,
5595,
5576,
5557,
5539,
5520,
5502,
5483,
5297,
5446,
5093,
5093,
5060,
5038,
5017,
5166,
5147,
5129,
5110,
5092,
5073,
5054,
5035,
5017,
4998,
4980,
4943,
4943,
4570,
4570,
4662,
4979,
4643,
4457,
4457,
4084,
4084,
3879,
3868,
3487,
3487,
3691,
3429,
3243,
3373,
3019,
3019,
3317,
2981,
2795,
2795,
2422,
2570,
2217,
2217,
2366,
2180,
229,
227,
235,
4525,
229,
237,
235,
237,
6851,
6832,
6813,
6795,
6776,
6758,
6739,
6888,
7037,
7019,
6999,
6981,
6962,
6944,
6925,
6907,
6795,
6795,
6762,
6740,
6720,
6701,
6683,
6672,
6672,
6639,
6617,
6595,
6573,
6552,
6541,
6541,
6508,
6486,
6464,
6442,
6422,
6400,
6378,
6356,
6334,
6312,
6291,
6273,
6254,
6236,
6217,
6348,
6348,
6315,
6293,
6273,
6254,
6236,
6217,
6199,
6180,
6162,
6142,
6124,
6105,
6087,
6068,
6050,
5956,
5827,
5827,
5794,
5772,
5751,
5732,
5714,
5695,
5684,
5684,
5684,
5628,
5606,
5584,
5565,
5546,
5535,
5524,
5502,
5480,
5458,
5436,
5414,
5392,
5370,
5348,
5211,
5211,
5178,
5156,
5136,
5118,
5099,
5081,
5062,
5044,
5025,
5006,
4987,
4969,
4858,
4932,
4783,
4783,
4615,
4615,
4615,
4429,
4429,
4429,
4260,
4227,
4409,
4409,
4241,
4241,
4118,
227,
