42.693481
42.693583
42.732241
42.833053
42.833066
42.833069
42.833071
42.833073
42.833075
42.933072
42.933085
42.933087
42.933089
42.933092
42.933094
42.933096
43.033064
43.033077
43.033079
43.033081
43.033083
43.033085
43.033087
43.133013
43.133027
43.133029
43.133031
43.133033
43.133036
43.233075
43.233088
43.233090
43.233092
43.233094
43.233097
43.233099
43.333037
43.333050
43.333053
43.333055
43.333057
43.333059
43.333061
43.433053
43.433066
43.433069
43.433071
43.433073
43.433075
43.533040
43.533060
43.533062
43.533064
43.533066
43.533068
43.533070
43.633092
43.633108
43.633111
43.633113
43.633115
43.633117
43.633119
43.733395
43.733408
43.733410
43.733412
43.733415
43.733417
43.833027
43.833040
43.833043
43.833045
43.833047
43.833049
43.833051
43.933807
43.933823
43.933825
43.933827
43.933829
43.933861
43.933865
44.033139
44.033156
44.033158
44.033161
44.033163
44.033165
44.133019
44.133031
44.133034
44.133036
44.133038
44.133041
44.133042
44.233008
44.233021
44.233024
44.233026
44.233028
44.233030
44.233032
44.332993
44.333006
44.333008
44.333010
44.333013
44.333015
44.432963
44.432976
44.432979
44.432981
44.432983
44.432985
44.432987
44.532980
44.532993
44.532996
44.532998
44.533000
44.533002
44.533004
44.632905
44.632919
44.632922
44.632924
44.632926
44.632928
44.733186
44.733198
44.733201
44.733203
44.733206
44.733208
44.733210
44.832949
44.832961
44.832964
44.832966
44.832968
44.832970
44.832972
44.932943
44.932956
44.932959
44.932961
44.932963
44.932965
45.032963
45.032976
45.032978
45.032980
45.032982
45.032985
45.032987
45.132909
45.132927
45.132930
45.132932
45.132934
45.132936
45.132938
45.232991
45.233004
45.233006
45.233008
45.233011
45.233012
45.332972
45.332985
45.332988
45.332990
45.332992
45.332994
45.332996
45.432716
45.432742
45.432746
45.432749
45.432761
45.432764
45.432767
45.532928
45.532945
45.532948
45.532950
45.532952
45.532954
45.632936
45.632949
45.632952
45.632954
45.632956
45.632958
45.632960
45.733038
45.733051
45.733054
45.733057
45.733065
45.733068
45.733070
45.832910
45.832923
45.832926
45.832928
45.832930
45.832932
45.932897
45.932910
45.932912
45.932914
45.932916
45.932919
45.932920
46.032893
46.032906
46.032908
46.032910
46.032913
46.032915
46.032917
46.132895
46.132908
46.132910
46.132912
46.132914
46.132916
46.232903
46.232916
46.232919
46.232921
46.232923
46.232925
46.232927
46.332880
46.332893
46.332896
46.332898
46.332900
46.332902
46.332904
46.432884
46.432897
46.432899
46.432901
46.432903
46.432905
46.532903
46.532916
46.532918
46.532920
46.532922
46.532924
46.532926
46.632960
46.632973
46.632976
46.632978
46.632980
46.632982
46.632984
46.733059
46.733072
46.733075
46.733077
46.733079
46.733087
46.832886
46.832902
46.832905
46.832907
46.832909
46.832911
46.832913
46.932801
46.932814
46.932817
46.932819
46.932821
46.932823
46.932825
47.032932
47.032945
47.032947
47.032949
47.032951
47.032953
47.132741
47.132756
47.132759
47.132761
47.132763
47.132813
47.132821
47.232812
47.232824
47.232827
47.232829
47.232831
47.232833
47.232836
47.332937
47.332950
47.332953
47.332955
47.332957
47.332959
47.432924
47.432937
47.432939
47.432941
47.432943
47.432945
47.432948
47.532970
47.532982
47.532985
47.532987
47.532989
47.532991
47.532993
47.632942
47.632955
47.632958
47.632960
47.632962
47.632964
47.733221
47.733237
47.733240
47.733242
47.733244
47.733246
47.733248
47.832863
47.832889
47.832892
47.832894
47.832896
47.832898
47.832900
47.932816
47.932830
47.932833
47.932835
47.932837
47.932839
48.032954
48.032967
48.032970
48.032972
48.032974
48.032976
48.032978
48.132856
48.132869
48.132871
48.132874
48.132876
48.132878
48.132880
48.232879
48.232891
48.232894
48.232896
48.232898
48.232900
48.332866
48.332879
48.332882
48.332884
48.332886
48.332888
48.332890
48.432868
48.432881
48.432884
48.432886
48.432888
48.432890
48.432892
48.532725
48.532739
48.532742
48.532744
48.532746
48.532747
48.633167
48.633183
48.633186
48.633192
48.633194
48.633196
48.633198
48.736834
48.736849
48.736851
48.736853
48.736855
48.736856
48.736858
48.838928
48.838943
48.838946
48.839097
48.839107
48.839109
48.938570
48.939277
48.939552
48.939560
48.939561
48.939563
48.939565
49.039274
49.039289
49.039292
49.039422
49.039432
49.039434
49.039436
49.138873
49.138886
49.138889
49.138891
49.138893
49.138894
49.239079
49.239093
49.239095
49.239254
49.239264
49.239267
49.239269
49.340019
49.340033
49.340036
49.340038
49.340040
49.340145
49.340153
49.439575
49.439588
49.440561
49.440571
49.440574
49.440576
49.540278
49.540317
49.540320
49.540321
49.540323
49.540325
49.540326
49.640177
49.640192
49.640196
49.640199
49.640202
49.640205
49.640208
49.740123
49.740136
49.740139
49.740140
49.740142
49.740144
49.839931
49.839943
49.839945
49.839947
49.839948
49.839950
49.839952
49.940163
49.940175
49.940177
49.940179
49.940181
49.940182
49.940184
50.040512
50.040524
50.040526
50.040528
50.040530
50.040531
50.136560
50.136572
50.136576
50.136578
50.136580
50.136582
50.136736
50.232705
50.232716
50.232719
50.232721
50.232723
50.232725
50.232727
50.337825
50.337835
50.338040
50.338048
50.338050
50.338052
50.432697
50.432709
50.432711
50.432713
50.432715
50.432717
50.432719
50.532794
50.532811
50.532814
50.532816
50.532818
50.532820
50.532821
50.632868
50.632887
50.632890
50.632892
50.632894
50.632896
50.732883
50.732896
50.732899
50.732901
50.732903
50.732905
50.732906
50.832945
50.832958
50.832961
50.832963
50.832965
50.832966
50.832968
50.932959
50.932975
50.932978
50.932980
50.932982
50.932985
51.032843
51.032855
51.032857
51.032859
51.032861
51.032863
51.032866
51.132930
51.132943
51.132946
51.132948
51.132950
51.132951
51.132953
51.232902
51.232922
51.232926
51.232928
51.232930
51.232932
51.332921
51.332934
51.332937
51.332939
51.332941
51.332943
51.332945
51.432948
51.432963
51.432966
51.432968
51.432970
51.432972
51.432974
51.532967
51.532983
51.532986
51.532988
51.532990
51.532992
51.632944
51.632957
51.632960
51.632962
51.632964
51.632965
51.632967
51.733167
51.733179
51.733182
51.733184
51.733186
51.733188
51.733189
51.832936
51.832954
51.832957
51.832959
51.832961
51.832963
51.932964
51.932977
51.932980
51.932982
51.932983
51.932985
51.932987
52.032899
52.032911
52.032914
52.032915
52.032918
52.032919
52.032922
52.132894
52.132911
52.132915
52.132917
52.132919
52.132921
52.232793
52.232807
52.232810
52.232812
52.232814
52.232816
52.232818
52.332970
52.332983
52.332986
52.332988
52.332989
52.332991
52.332993
52.432954
52.432971
52.432975
52.432977
52.432979
52.432981
52.532943
52.532955
52.532958
52.532960
52.532962
52.532964
52.532965
52.632967
52.632980
52.632982
52.632984
52.632986
52.632988
52.632989
52.733114
52.733131
52.733133
52.733135
52.733137
52.733139
52.832752
52.832771
52.832774
52.832776
52.832778
52.832780
52.832782
52.932900
52.932912
52.932914
52.932916
52.932918
52.932919
52.932921
53.032881
53.032895
53.032897
53.032899
53.032901
53.032903
53.132922
53.132934
53.132936
53.132938
53.132940
53.132942
53.132944
53.232751
53.232762
53.232764
53.232766
53.232768
53.232769
53.232771
53.332974
53.332989
53.332992
53.332994
53.332996
53.332998
53.439754
53.439767
53.439769
53.439771
53.439773
53.439775
53.439841
53.532677
53.532688
53.532690
53.532692
53.532694
53.532701
53.532704
53.632894
53.632910
53.632912
53.632915
53.632917
53.632919
53.732797
53.732809
53.732812
53.732815
53.732871
53.732879
53.732880
53.832741
53.832755
53.832757
53.832759
53.832761
53.832763
53.832765
53.932536
53.932549
53.932551
53.932584
53.932589
53.932590
54.032669
54.032686
54.032689
54.032691
54.032693
54.032708
54.032713
54.132427
54.132444
54.132449
54.132452
54.132512
54.132522
54.132526
54.232766
54.232783
54.232785
54.232787
54.232789
54.232790
54.332848
54.332865
54.332867
54.332869
54.332870
54.332872
54.332873
54.432776
54.432790
54.432793
54.432794
54.432796
54.432798
54.432799
54.532640
54.532653
54.532656
54.532658
54.532660
54.532662
54.632792
54.632805
54.632807
54.632809
54.632811
54.632813
54.632815
54.732552
54.732567
54.732571
54.732574
54.732600
54.732606
54.732647
54.832808
54.832819
54.832821
54.832823
54.832824
54.832826
54.932825
54.932841
54.932845
54.932847
54.932849
54.932851
54.932853
55.032881
55.032894
55.032897
55.032899
55.032901
55.032903
55.032904
55.136060
55.136073
55.136076
55.136078
55.136080
55.136082
55.232871
55.232884
55.232887
55.232889
55.232890
55.232892
55.232894
55.332820
55.332835
55.332838
55.332840
55.332841
55.332843
55.332845
55.432770
55.432789
55.432792
55.432794
55.432796
55.432798
55.533344
55.533366
55.534202
55.534215
55.534218
55.534221
55.534224
55.632815
55.632833
55.632836
55.632838
55.632840
55.632842
55.632844
55.733184
55.733198
55.733200
55.733202
55.733204
55.733207
55.832874
55.832886
55.832889
55.832891
55.832893
55.832895
55.832897
55.932924
55.932937
55.932939
55.932941
55.932943
55.932945
55.932947
56.032910
56.032923
56.032926
56.032928
56.032930
56.032932
56.132764
56.132778
56.132781
56.132782
56.132784
56.132786
56.132787
56.232524
56.232538
56.232543
56.232546
56.232550
56.232559
56.232562
56.333430
56.333441
56.333443
56.333446
56.333447
56.333449
56.432678
56.432690
56.432693
56.432695
56.432697
56.432699
56.432701
56.533699
56.533710
56.533712
56.533714
56.533715
56.533717
56.533719
56.632778
56.632791
56.632794
56.632796
56.632798
56.632799
56.733053
56.733066
56.733068
56.733070
56.733072
56.733074
56.733076
56.832923
56.832935
56.832938
56.832940
56.832942
56.832944
56.832946
56.932864
56.932877
56.932880
56.932882
56.932883
56.932885
57.032827
57.032841
57.032843
57.032845
57.032847
57.032849
57.032851
57.132926
57.132938
57.132941
57.132942
57.132944
57.132946
57.132947
57.232905
57.232918
57.232921
57.232923
57.232924
57.232926
57.332554
57.332569
57.332722
57.332732
57.332734
57.332736
57.332738
57.432930
57.432943
57.432946
57.432949
57.432951
57.432953
57.432955
57.532929
57.532942
57.532944
57.532947
57.532949
57.532951
57.632962
57.632976
57.632979
57.632981
57.632983
57.632985
57.632986
57.734652
57.734667
57.734670
57.734672
57.734674
57.734676
57.734678
57.834286
57.834304
57.834306
57.834308
57.834310
57.834311
57.932951
57.932968
57.932971
57.932973
57.932975
57.932977
57.932979
58.032905
58.032918
58.032921
58.032923
58.032925
58.032927
58.032929
58.132873
58.132885
58.132888
58.132890
58.132892
58.132894
58.232843
58.232856
58.232859
58.232861
58.232863
58.232865
58.232867
58.332601
58.332616
58.332619
58.332621
58.332623
58.332625
58.332632
58.440274
58.440285
58.440288
58.440290
58.440292
58.440294
58.532730
58.532742
58.532745
58.532747
58.532749
58.532751
58.532753
58.640802
58.640815
58.640818
58.640819
58.640821
58.640823
58.640824
58.732717
58.732729
58.732732
58.732734
58.732736
58.732737
58.836598
58.836611
58.836728
58.836735
58.836737
58.932662
58.932673
58.932676
58.932678
58.932679
58.932706
58.932709
59.032681
59.032694
59.032697
59.032698
59.032700
59.032702
59.132674
59.132688
59.132691
59.132693
59.132695
59.132697
59.132699
59.232931
59.232943
59.232946
59.232948
59.232950
59.232952
59.232954
59.332889
59.332902
59.332905
59.332907
59.332909
59.332911
59.433013
59.433030
59.433032
59.433035
59.433037
59.433039
59.433040
59.533845
59.533869
59.533872
59.533874
59.533876
59.533877
59.533879
59.636553
59.636565
59.636568
59.636570
59.636572
59.636574
59.733084
59.733097
59.733100
59.733102
59.733104
59.733112
59.733115
59.833187
59.833199
59.833201
59.833203
59.833205
59.833206
59.833323
59.932569
59.932584
59.932586
59.932760
59.932770
59.932773
00.032610
00.032624
00.032627
00.032629
00.032646
00.032650
00.032652
00.134563
00.134577
00.134579
00.134581
00.134739
00.134748
00.134750
00.232716
00.232730
00.232733
00.232735
00.232737
00.232739
00.332787
00.332801
00.332803
00.332805
00.332806
00.332808
00.332810
00.432760
00.432775
00.432778
00.432780
00.432782
00.432784
00.432786
00.532768
00.532782
00.532785
00.532787
00.532789
00.532791
00.636261
00.636276
00.636278
00.636280
00.636282
00.636284
00.636285
00.732687
00.732701
00.732704
00.732706
00.732708
00.732710
00.732718
00.832606
00.832619
00.832623
00.832625
00.832632
00.832634
00.932729
00.932744
00.932747
00.932749
00.932750
00.932752
00.932754
01.032720
01.032734
01.032736
01.032738
01.032740
01.032742
01.032744
01.135471
01.135511
01.135516
01.135752
01.135764
01.135768
01.232680
01.232692
01.232694
01.232696
01.232698
01.232700
01.232702
01.332693
01.332706
01.332709
01.332711
01.332712
01.332714
01.332716
01.432648
01.432663
01.432666
01.432668
01.432670
01.432672
01.532693
01.532707
01.532709
01.532711
01.532713
01.532715
01.532717
01.636903
01.636915
01.636918
01.636920
01.636921
01.636923
01.636925
01.732708
01.732726
01.732729
01.732731
01.732733
01.732735
01.832756
01.832771
01.832773
01.832775
01.832777
01.832778
01.832805
01.932747
01.932763
01.932766
01.932768
01.932770
01.932771
01.932783
02.034859
02.034873
02.035056
02.035066
02.035069
02.035071
02.132880
02.132894
02.132896
02.132898
02.132900
02.132902
02.132905
02.232918
02.232931
02.232934
02.232936
02.232939
02.232941
02.232943
02.332930
02.332945
02.332948
02.332950
02.332952
02.332954
02.432881
02.432895
02.432898
02.432900
02.432902
02.432904
02.432906
02.532922
02.532936
02.532939
02.532940
02.532942
02.532944
02.532946
02.632623
02.632635
02.632638
02.632640
02.632641
02.632652
02.732760
02.732773
02.732777
02.732779
02.732780
02.732782
02.732784
02.834096
02.834111
02.834113
02.834115
02.834116
02.834118
02.834120
02.932727
02.932742
02.932745
02.932747
02.932749
02.932751
03.032707
03.032720
03.032723
03.032725
03.032727
03.032729
03.032731
03.132625
03.132637
03.132639
03.132641
03.132643
03.132644
03.132646
03.232733
03.232745
03.232748
03.232750
03.232752
03.232754
03.334272
03.334284
03.334287
03.334289
03.334291
03.334293
03.334295
03.432733
03.432750
03.432753
03.432755
03.432757
03.432765
03.432768
03.532695
03.532709
03.532712
03.532714
03.532716
03.532718
03.632658
03.632670
03.632672
03.632674
03.632675
03.632677
03.632679
03.732687
03.732702
03.732704
03.732706
03.732707
03.732709
03.732716
03.834561
03.834573
03.834575
03.834576
03.834578
03.834580
03.932735
03.932752
03.932757
03.932760
03.932763
03.932765
03.932769
04.032716
04.032729
04.032732
04.032734
04.032736
04.032738
04.032740
04.132463
04.132478
04.132481
04.132484
04.132486
04.132489
04.232673
04.232685
04.232688
04.232690
04.232692
04.232694
04.232695
04.332682
04.332696
04.332698
04.332700
04.332702
04.332704
04.332713
04.432762
04.432774
04.432777
04.432779
04.432781
04.432783
04.532740
04.532753
04.532756
04.532758
04.532760
04.532762
04.532769
04.632739
04.632752
04.632754
04.632756
04.632758
04.632760
04.632762
04.732919
04.732932
04.732935
04.732937
04.732939
04.732941
04.832665
04.832678
04.832680
04.832682
04.832684
04.832686
04.832687
04.932661
04.932672
04.932675
04.932677
04.932679
04.932681
04.932683
05.032725
05.032737
05.032740
05.032742
05.032744
05.032746
05.132631
05.132643
05.132645
05.132647
05.132648
05.132650
05.132657
05.232695
05.232708
05.232711
05.232713
05.232715
05.232717
05.232719
05.332757
05.332767
05.332770
05.332771
05.332773
05.332775
05.432607
05.432620
05.432623
05.432625
05.432627
05.432629
05.432631
05.532940
05.532957
05.532960
05.532962
05.532964
05.532966
05.532968
05.632986
05.633000
05.633002
05.633004
05.633006
05.633083
05.733018
05.733031
05.733034
05.733036
05.733038
05.733046
05.733048
05.832740
05.832752
05.832754
05.832756
05.832758
05.832760
05.832762
05.932564
05.932575
05.932577
05.932613
05.932619
05.932620
06.032670
06.032685
06.032689
06.032692
06.032694
06.032697
06.032713
06.132668
06.132686
06.132692
06.132697
06.132700
06.132708
06.132711
06.232582
06.232597
06.232600
06.232602
06.232640
06.232645
06.332689
06.332706
06.332711
06.332722
06.332727
06.332893
06.332904
06.432814
06.432828
06.432833
06.432835
06.432838
06.432841
06.432851
06.532730
06.532745
06.532749
06.532752
06.532754
06.532762
06.632796
06.632810
06.632813
06.632815
06.632818
06.632820
06.632828
06.732969
06.732985
06.732990
06.732994
06.733004
06.733007
06.733009
06.832799
06.832811
06.832814
06.832816
06.832818
06.832820
06.932750
06.932762
06.932765
06.932767
06.932769
06.932771
06.932773
07.032835
07.032848
07.032851
07.032853
07.032855
07.032856
07.032858
07.132931
07.132947
07.132950
07.132952
07.132954
07.132956
07.232660
07.232673
07.232676
07.232677
07.232679
07.232712
07.232717
07.332834
07.332846
07.332848
07.332850
07.332853
07.332855
07.332857
07.432814
07.432827
07.432830
07.432832
07.432833
07.432835
07.532840
07.532856
07.532859
07.532861
07.532864
07.532866
07.532875
07.632548
07.632561
07.632564
07.632570
07.632573
07.632576
07.632605
07.732880
07.732894
07.733035
07.733048
07.733050
07.733052
07.832719
07.832739
07.832743
07.832746
07.832749
07.832797
07.832803
07.932686
07.932704
07.932707
07.932709
07.932711
07.932713
07.932715
08.032850
08.032863
08.032866
08.032868
08.032870
08.032872
08.132562
08.132575
08.132577
08.132579
08.132581
08.132583
08.132590
08.232725
08.232738
08.232741
08.232743
08.232744
08.232746
08.232919
08.332820
08.332834
08.332837
08.332839
08.332842
08.332844
08.432632
08.432645
08.432647
08.432649
08.432651
08.432653
08.432655
08.532914
08.532927
08.532930
08.532932
08.532935
08.532937
08.532939
08.632546
08.632558
08.632561
08.632564
08.632566
08.632628
08.732809
08.732824
08.732827
08.732829
08.732832
08.732840
08.732844
08.832872
08.832883
08.832886
08.832888
08.832890
08.832892
08.832894
08.932853
08.932868
08.932870
08.932872
08.932874
08.932876
09.032905
09.032918
09.032921
09.032923
09.032926
09.032928
09.032930
09.132649
09.132665
09.132667
09.132669
09.132671
09.132673
09.132686
09.232803
09.232822
09.232825
09.232827
09.232829
09.232831
09.332930
09.332944
09.332947
09.332949
09.332950
09.332952
09.332954
09.432914
09.432928
09.432930
09.432932
09.432934
09.432936
09.432938
09.532913
09.532926
09.532929
09.532931
09.532933
09.532935
09.632689
09.632703
09.632706
09.632708
09.632710
09.632712
09.632714
09.732951
09.732962
09.732965
09.732967
09.732969
09.732971
09.732973
09.832735
09.832748
09.832751
09.832753
09.832755
09.832757
09.932676
09.932688
09.932691
09.932693
09.932695
09.932697
09.932705
10.032619
10.032630
10.032633
10.032635
10.032637
10.032639
10.032647
10.132598
10.132610
10.132613
10.132615
10.132617
10.132619
10.232790
10.232802
10.232804
10.232806
10.232808
10.232810
10.232812
10.332950
10.332963
10.332966
10.332968
10.332970
10.332972
10.332974
10.432881
10.432893
10.432896
10.432898
10.432900
10.432902
10.532952
10.532965
10.532968
10.532969
10.532971
10.532973
10.532976
10.632912
10.632926
10.632929
10.632931
10.632933
10.632935
10.632937
10.732875
10.732890
10.732893
10.732895
10.732897
10.732899
10.832556
10.832568
10.832570
10.832572
10.832607
10.832613
10.832615
10.932488
10.932501
10.932504
10.932506
10.932508
10.932510
10.932517
11.032574
11.032589
11.032591
11.032594
11.032601
11.032604
11.132426
11.132438
11.132445
11.132448
11.132451
11.132479
11.132520
11.232465
11.232479
11.232485
11.232487
11.232575
11.232580
11.232582
11.337839
11.337857
11.337860
11.337861
11.337863
11.337865
11.432508
11.432525
11.432531
11.432535
11.432572
11.432577
11.432640
11.532496
11.532512
11.532515
11.532516
11.532564
11.532571
11.532573
11.637268
11.637284
11.637287
11.637289
11.637291
11.637351
11.732933
11.732946
11.732949
11.732952
11.732953
11.732955
11.732957
11.832679
11.832692
11.832695
11.832697
11.832699
11.832701
11.832709
11.932655
11.932667
11.932670
11.932672
11.932674
11.932676
12.034744
12.034762
12.034766
12.034768
12.034771
12.034774
12.034777
12.137756
12.137769
12.137772
12.137774
12.137858
12.137866
12.137868
12.232555
12.232567
12.232570
12.232572
12.232574
12.232576
12.332519
12.332532
12.332535
12.332569
12.332574
12.332576
12.332577
12.432587
12.432603
12.432606
12.432608
12.432610
12.432612
12.432619
12.532802
12.532815
12.532818
12.532820
12.532821
12.532823
12.632819
12.632832
12.632835
12.632837
12.632838
12.632840
12.632842
12.732717
12.732732
12.732735
12.732737
12.732738
12.732740
12.732742
12.832756
12.832769
12.832771
12.832773
12.832775
12.832777
12.932822
12.932837
12.932839
12.932841
12.932844
12.932846
12.932847
13.032735
13.032753
13.032756
13.032757
13.032759
13.032761
13.032762
13.133187
13.133201
13.133204
13.133206
13.133207
13.133209
13.232474
13.232489
13.232493
13.232496
13.232530
13.232537
13.232565
13.332474
13.332489
13.332493
13.332496
13.332565
13.332576
13.332579
13.432412
13.432429
13.432433
13.432499
13.432509
13.432512
13.532651
13.532668
13.532671
13.532672
13.532674
13.532676
13.532677
13.638608
13.638622
13.638625
13.638627
13.638629
13.638714
13.638720
13.734680
13.734695
13.734698
13.734700
13.734703
13.734705
13.832848
13.832864
13.832866
13.832868
13.832870
13.832872
13.832873
13.932515
13.932529
13.932532
13.932534
13.932599
13.932607
13.932609
14.032571
14.032586
14.032589
14.032591
14.032597
14.032600
14.135385
14.135396
14.135398
14.135453
14.135460
14.135462
14.135463
14.232548
14.232562
14.232564
14.232566
14.232600
14.232604
14.232606
14.339211
14.339302
14.339311
14.339313
14.339315
14.339317
14.432563
14.432577
14.432579
14.432580
14.432678
14.432685
14.432687
14.532552
14.532565
14.532568
14.532570
14.532572
14.532579
14.532645
14.636575
14.636588
14.636591
14.636593
14.636594
14.636600
14.732962
14.732977
14.732980
14.732982
14.732984
14.732986
14.732993
14.832875
14.832888
14.832891
14.832893
14.832895
14.832902
14.832905
14.932832
14.932849
14.932851
14.932854
14.932856
14.932863
15.032892
15.032906
15.032909
15.032911
15.032913
15.032915
15.032928
15.132628
15.132641
15.132644
15.132646
15.132648
15.132650
15.132652
15.232631
15.232645
15.232648
15.232650
15.232652
15.232653
15.332533
15.332548
15.332550
15.332552
15.332554
15.332560
15.332562
15.432696
15.432711
15.432714
15.432716
15.432718
15.432719
15.432721
15.532616
15.532630
15.532633
15.532635
15.532637
15.532639
15.637570
15.637584
15.637587
15.637589
15.637590
15.637697
15.637704
15.732532
15.732598
15.732606
15.732627
15.732732
15.732741
15.732770
15.832693
15.832710
15.832712
15.832714
15.832716
15.832722
15.932908
15.932927
15.932930
15.932932
15.932934
15.932936
15.932938
16.032910
16.032923
16.032925
16.032928
16.032930
16.032932
16.032934
16.132799
16.132812
16.132815
16.132816
16.132818
16.132820
16.232891
16.232905
16.232907
16.232909
16.232911
16.232913
16.232915
16.332834
16.332847
16.332849
16.332851
16.332853
16.332855
16.332857
16.432847
16.432861
16.432864
16.432866
16.432868
16.432870
16.532601
16.532613
16.532616
16.532618
16.532620
16.532627
16.532629
16.636071
16.636084
16.636086
16.636088
16.636091
16.636093
16.636095
16.732551
16.732561
16.732563
16.732565
16.732567
16.732569
16.833128
16.833141
16.833143
16.833145
16.833146
16.833148
16.833150
16.932578
16.932592
16.932595
16.932597
16.932599
16.932608
16.932611
17.040460
17.040472
17.040475
17.040476
17.040478
17.040480
17.132669
17.132682
17.132685
17.132687
17.132689
17.132691
17.132693
17.232815
17.232829
17.232832
17.232834
17.232836
17.232838
17.232840
17.332806
17.332824
17.332826
17.332828
17.332830
17.332832
17.432756
17.432771
17.432774
17.432776
17.432777
17.432779
17.432781
17.532825
17.532838
17.532840
17.532842
17.532844
17.532846
17.532847
17.636857
17.636870
17.636872
17.636874
17.636875
17.636877
17.732671
17.732686
17.732688
17.732690
17.732692
17.732694
17.732696
17.832517
17.832529
17.832532
17.832584
17.832590
17.832592
17.832593
17.932401
17.932419
17.932422
17.932425
17.932448
17.932452
18.032610
18.032624
18.032626
18.032628
18.032630
18.032631
18.032633
18.137723
18.137737
18.137740
18.137742
18.137744
18.137746
18.137748
18.232340
18.232353
18.232355
18.232396
18.232400
18.232402
18.332873
18.332886
18.332889
18.332890
18.332892
18.332894
18.332896
18.432505
18.432518
18.432521
18.432550
18.432556
18.432557
18.432559
18.532620
18.532634
18.532636
18.532638
18.532641
18.532648
18.636009
18.636021
18.636024
18.636026
18.636028
18.636030
18.636141
18.732600
18.732612
18.732615
18.732617
18.732619
18.732652
18.732657
18.839917
18.839931
18.840131
18.840140
18.840143
18.840144
18.932535
18.932550
18.932631
18.932638
18.932640
18.932642
18.932647
19.032680
19.032694
19.032697
19.032699
19.032701
19.032703
19.032705
19.137320
19.137333
19.137335
19.137337
19.137339
19.137340
19.232458
19.232475
19.232478
19.232480
19.232520
19.232525
19.232527
19.339100
19.339113
19.339116
19.339117
19.339119
19.339121
19.339233
19.432742
19.432755
19.432757
19.432759
19.432761
19.432763
19.532930
19.532943
19.532946
19.532948
19.532950
19.532952
19.532954
19.632928
19.632942
19.632945
19.632947
19.632949
19.632950
19.632952
19.732778
19.732794
19.732797
19.732799
19.732801
19.732803
19.832737
19.832750
19.832752
19.832754
19.832756
19.832758
19.832759
19.932630
19.932644
19.932647
19.932649
19.932651
19.932653
19.932660
20.032531
20.032542
20.036763
20.036773
20.036776
20.036778
20.132406
20.132417
20.132419
20.132474
20.132481
20.132482
20.132484
20.232478
20.232489
20.232492
20.232494
20.232495
20.232503
20.232505
20.332621
20.332633
20.332635
20.332637
20.332638
20.332640
20.432556
20.432569
20.432572
20.432574
20.432576
20.432577
20.432620
20.532730
20.532742
20.532745
20.532746
20.532748
20.532750
20.532752
20.632429
20.632440
20.632442
20.632444
20.632468
20.632471
20.732620
20.732631
20.732634
20.732636
20.732638
20.732640
20.732682
20.832751
20.832767
20.832769
20.832771
20.832773
20.832775
20.832777
20.932532
20.932545
20.932548
20.932550
20.932552
20.932592
21.032641
21.032654
21.032657
21.032659
21.032662
21.032664
21.032666
21.132467
21.132479
21.132481
21.132483
21.132485
21.132486
21.132493
21.232513
21.232525
21.232528
21.232531
21.232533
21.232535
21.332612
21.332624
21.332627
21.332629
21.332630
21.332632
21.332634
21.432571
21.432584
21.432587
21.432589
21.432591
21.432593
21.432601
21.532518
21.532530
21.532533
21.532535
21.532537
21.532544
21.634279
21.634291
21.634294
21.634296
21.634298
21.634300
21.634302
21.732525
21.732537
21.732540
21.732542
21.732571
21.732576
21.732578
21.837625
21.837638
21.837640
21.837642
21.837644
21.837645
21.932446
21.932458
21.932461
21.932464
21.932543
21.932551
21.932553
22.032602
22.032616
22.032619
22.032621
22.032623
22.032625
22.032627
22.133709
22.133719
22.133722
22.133890
22.133898
22.133900
22.232592
22.232604
22.232607
22.232609
22.232611
22.232613
22.232657
22.332928
22.332939
22.332941
22.332943
22.332945
22.332947
22.332948
22.432522
22.432534
22.432537
22.432539
22.432541
22.432606
22.532724
22.532736
22.532739
22.532741
22.532743
22.532745
22.532747
22.632455
22.632467
22.632470
22.632472
22.632474
22.632476
22.632488
22.732443
22.732456
22.732458
22.732520
22.732528
22.732530
22.832558
22.832570
22.832572
22.832574
22.832575
22.832585
22.832587
22.932584
22.932596
22.932599
22.932601
22.932603
22.932606
22.932607
23.034602
23.034620
23.034623
23.034625
23.034627
23.034629
23.132627
23.132641
23.132644
23.132645
23.132647
23.132649
23.132650
23.232603
23.232616
23.232619
23.232621
23.232623
23.232625
23.232627
23.332629
23.332643
23.332647
23.332650
23.332653
23.332668
23.432574
23.432587
23.432590
23.432592
23.432594
23.432596
23.432598
23.532568
23.532590
23.532593
23.532596
23.532610
23.532612
23.532642
23.632532
23.632548
23.632550
23.632552
23.632555
23.632588
23.732856
23.732877
23.732881
23.732883
23.732885
23.732887
23.732889
23.832528
23.832551
23.832554
23.832556
23.832603
23.832610
23.832612
23.932704
23.932727
23.932729
23.932731
23.932733
23.932735
24.032931
24.032953
24.032955
24.032957
24.032959
24.032961
24.032963
24.132835
24.132848
24.132851
24.132853
24.132855
24.132857
24.132858
24.232827
24.232841
24.232843
24.232845
24.232848
24.232850
24.332869
24.332890
24.332893
24.332896
24.332898
24.332900
24.332902
24.432556
24.432570
24.432572
24.432574
24.432577
24.432579
24.432586
24.532632
24.532645
24.532648
24.532650
24.532657
24.532660
24.632487
24.632499
24.632501
24.632503
24.632538
24.632544
24.632545
24.732817
24.732830
24.732833
24.732840
24.732842
24.732844
24.732935
24.833525
24.833542
24.833545
24.833547
24.833549
24.833551
24.932492
24.932505
24.932508
24.932510
24.932651
24.932662
24.932664
25.032658
25.032671
25.032674
25.032676
25.032679
25.032687
25.032690
25.132675
25.132688
25.132694
25.132696
25.132719
25.132723
25.232759
25.232771
25.232778
25.232780
25.232782
25.232784
25.232786
25.332920
25.332933
25.332936
25.332937
25.332939
25.332941
25.332943
25.432865
25.432881
25.432883
25.432885
25.432887
25.432889
25.532857
25.532870
25.532873
25.532875
25.532877
25.532885
25.532887
25.632795
25.632809
25.632811
25.632813
25.632815
25.632817
25.632825
25.733042
25.733057
25.733060
25.733062
25.733068
25.733070
25.834825
25.834858
25.834863
25.834867
25.834870
25.834874
25.834878
25.932815
25.932841
25.932844
25.932846
25.932848
25.932850
25.932852
26.032898
26.032918
26.032921
26.032923
26.032926
26.032928
26.132899
26.132915
26.132917
26.132919
26.132921
26.132923
26.132925
26.232361
26.232373
26.232375
26.232377
26.232417
26.232421
26.232423
26.332373
26.332385
26.332388
26.332390
26.332432
26.332438
26.432446
26.432458
26.432460
26.432462
26.432536
26.432543
26.432545
26.532678
26.532692
26.532695
26.532697
26.532699
26.532701
26.532703
26.632900
26.632914
26.632917
26.632919
26.632921
26.632923
26.732887
26.732901
26.732903
26.732906
26.732908
26.732910
26.732912
26.832743
26.832757
26.832760
26.832763
26.832765
26.832767
26.832769
26.932410
26.932425
26.932427
26.932429
26.932513
26.932520
27.032676
27.032690
27.032693
27.032695
27.032698
27.032700
27.032702
27.134302
27.134314
27.134316
27.134318
27.134320
27.134321
27.134408
27.232627
27.232643
27.232646
27.232648
27.232651
27.232653
27.332431
27.332445
27.332570
27.332579
27.332582
27.332584
27.332586
27.432487
27.432500
27.432503
27.432511
27.432513
27.432515
27.432552
27.532714
27.532730
27.532733
27.532735
27.532738
27.532740
27.634059
27.634074
27.634076
27.634078
27.634080
27.634082
27.634084
27.732647
27.732663
27.732666
27.732668
27.732670
27.732672
27.732674
27.832497
27.832513
27.832516
27.832519
27.832521
27.832528
27.932553
27.932571
27.932574
27.932577
27.932585
27.932588
27.932590
28.032482
28.032496
28.032499
28.032500
28.032502
28.032511
28.032513
28.132355
28.132369
28.132371
28.132373
28.132396
28.132400
28.232548
28.232561
28.232564
28.232566
28.232568
28.232570
28.232587
28.332472
28.332486
28.332488
28.332594
28.332603
28.332605
28.332607
28.432545
28.432559
28.432562
28.432564
28.432566
28.432568
28.532551
28.532565
28.532568
28.532570
28.532572
28.532574
28.532582
28.632580
28.632593
28.632596
28.632598
28.632600
28.632602
28.632604
28.732569
28.732581
28.732584
28.732586
28.732588
28.732595
28.832560
28.832573
28.832575
28.832577
28.832579
28.832581
28.832588
28.932626
28.932641
28.932644
28.932646
28.932648
28.932712
28.932720
29.032743
29.032757
29.032760
29.032762
29.032764
29.032766
29.132429
29.132442
29.132445
29.132456
29.132459
29.132461
29.132486
29.232605
29.232618
29.232621
29.232624
29.232626
29.232628
29.232630
29.332663
29.332680
29.332683
29.332685
29.332687
29.332689
29.432399
29.432412
29.432415
29.432421
29.432424
29.432522
29.432530
29.532457
29.532469
29.532472
29.532474
29.532519
29.532526
29.532528
29.632764
29.632776
29.632778
29.632780
29.632782
29.632784
29.732851
29.732865
29.732867
29.732869
29.732871
29.732874
29.732876
29.832658
29.832672
29.832674
29.832676
29.832678
29.832679
29.832681
29.932356
29.932370
29.932405
29.932411
29.932436
29.932439
30.032721
30.032736
30.032739
30.032741
30.032743
30.032745
30.032747
30.134616
30.134630
30.134632
30.134885
30.134893
30.134895
30.134897
30.232540
30.232554
30.232557
30.232559
30.232567
30.232570
30.332675
30.332688
30.332690
30.332692
30.332694
30.332696
30.332697
30.432439
30.432452
30.432454
30.432456
30.432483
30.432487
30.432489
30.532569
30.532583
30.532585
30.532588
30.532590
30.532591
30.634890
30.634903
30.634905
30.634907
30.634908
30.634910
30.634912
30.732677
30.732690
30.732692
30.732694
30.732696
30.732698
30.732700
30.832744
30.832756
30.832759
30.832761
30.832762
30.832764
30.932373
30.932387
30.932427
30.932433
30.932546
30.932555
30.932557
31.032472
31.032486
31.032489
31.032496
31.032499
31.032535
31.032542
31.132437
31.132452
31.132479
31.132483
31.132512
31.132518
31.232510
31.232523
31.232526
31.232528
31.232559
31.232564
31.232566
31.332500
31.332512
31.332515
31.332517
31.332518
31.332544
31.332547
31.432491
31.432504
31.432507
31.432509
31.432516
31.432519
31.532552
31.532566
31.532569
31.532571
31.532573
31.532586
31.532588
31.632368
31.632381
31.632385
31.632421
31.632428
31.632429
31.632439
31.732591
31.732605
31.732607
31.732609
31.732611
31.732613
31.832417
31.832430
31.832432
31.832434
31.832436
31.832438
31.832445
31.932525
31.932539
31.932542
31.932545
31.932547
31.932555
31.932558
32.032654
32.032669
32.032672
32.032675
32.032677
32.032679
32.132326
32.132340
32.132343
32.132358
32.132361
32.132398
32.132405
32.232537
32.232549
32.232552
32.232554
32.232556
32.232564
32.232567
32.334955
32.334967
32.335175
32.335185
32.335188
32.335190
32.432563
32.432575
32.432578
32.432580
32.432582
32.432584
32.432586
32.532536
32.532548
32.532551
32.532553
32.532555
32.532563
32.532566
32.632485
32.632496
32.632499
32.632500
32.632510
32.632512
32.732594
32.732608
32.732611
32.732613
32.732615
32.732617
32.732624
32.835454
32.835467
32.835469
32.835471
32.835473
32.835475
32.835477
32.932567
32.932580
32.932583
32.932585
32.932587
32.932589
33.033998
33.034012
33.034015
33.034017
33.034019
33.034021
33.034023
33.132464
33.132478
33.132481
33.132483
33.132484
33.132531
33.132538
33.232554
33.232564
33.232567
33.232568
33.232570
33.232572
33.332444
33.332456
33.332458
33.332460
33.332493
33.332499
33.332500
33.432550
33.432563
33.432566
33.432568
33.432570
33.432572
33.432574
33.532575
33.532588
33.532591
33.532593
33.532595
33.532636
33.632344
33.632355
33.632407
33.632414
33.632416
33.632444
33.632447
33.732446
33.732459
33.732462
33.732525
33.732532
33.732534
33.732535
33.835751
33.835761
33.835763
33.835765
33.835766
33.835768
33.932553
33.932568
33.932571
33.932573
33.932575
33.932607
33.932612
34.032669
34.032683
34.032685
34.032687
34.032690
34.032692
34.032694
34.132350
34.132364
34.132418
34.132424
34.132426
34.132427
34.232374
34.232386
34.232473
34.232479
34.232480
34.232482
34.232484
34.332520
34.332543
34.332547
34.332550
34.332563
34.332566
34.332569
34.432889
34.432908
34.432912
34.432914
34.432916
34.432918
34.532919
34.532932
34.532934
34.532936
34.532938
34.532940
34.532942
34.632587
34.632604
34.632608
34.632611
34.632614
34.632617
34.632635
34.732507
34.732521
34.732525
34.732528
34.732565
34.732571
34.835750
34.835767
34.835771
34.835774
34.835776
34.835780
34.835782
34.932539
34.932554
34.932557
34.932558
34.932560
34.932562
34.932563
35.032608
35.032624
35.032627
35.032628
35.032630
35.032632
35.132439
35.132452
35.132454
35.132456
35.132480
35.132484
35.132515
35.232405
35.232417
35.232420
35.232422
35.232529
35.232535
35.232537
35.332779
35.332792
35.332795
35.332796
35.332799
35.332800
35.434259
35.434274
35.434276
35.434278
35.434280
35.434282
35.434284
35.532818
35.532835
35.532837
35.532839
35.532841
35.532843
35.532845
35.632827
35.632840
35.632843
35.632845
35.632847
35.632849
35.732956
35.732970
35.732973
35.732975
35.732977
35.732979
35.732981
35.832673
35.832686
35.832689
35.832690
35.832692
35.832694
35.832696
35.932748
35.932768
35.932771
35.932773
35.932774
35.932776
36.032872
36.032895
36.032899
36.032902
36.032905
36.032908
36.032920
36.132868
36.132885
36.132887
36.132889
36.132891
36.132893
36.132895
36.232865
36.232879
36.232881
36.232888
36.232890
36.232892
36.332894
36.332907
36.332909
36.332911
36.332914
36.332916
36.332918
36.432651
36.432665
36.432667
36.432669
36.432671
36.432673
36.432675
36.532584
36.532596
36.532599
36.532601
36.532604
36.532606
36.637045
36.637055
36.637058
36.637060
36.637061
36.637213
36.637221
36.732854
36.732867
36.732870
36.732872
36.732879
36.732882
36.732884
36.837785
36.837797
36.837799
36.837801
36.837803
36.837804
36.932570
36.932582
36.932584
36.932587
36.932589
36.932600
36.932602
37.032478
37.032491
37.032493
37.032500
37.032503
37.032540
37.032547
37.132818
37.132831
37.132834
37.132836
37.132838
37.132840
37.232718
37.232734
37.232736
37.232739
37.232741
37.232744
37.232746
37.332554
37.332566
37.332569
37.332570
37.332594
37.332598
37.332607
37.432458
37.432470
37.432473
37.432475
37.432612
37.432622
37.537717
37.537729
37.537732
37.537734
37.537736
37.537738
37.537740
37.632529
37.632542
37.632545
37.632547
37.632549
37.632551
37.632564
37.732769
37.732782
37.732785
37.732787
37.732789
37.732791
37.832722
37.832734
37.832736
37.832738
37.832739
37.832742
37.832743
37.932795
37.932810
37.932813
37.932815
37.932818
37.932820
37.932822
38.032841
38.032856
38.032859
38.032861
38.032863
38.032865
38.132764
38.132783
38.132786
38.132788
38.132789
38.132791
38.132793
38.232821
38.232840
38.232842
38.232844
38.232846
38.232848
38.232851
38.332681
38.332695
38.332698
38.332700
38.332702
38.332704
38.432520
38.432533
38.432536
38.432538
38.432540
38.432542
38.432551
38.532594
38.532608
38.532611
38.532613
38.532615
38.532617
38.532628
38.637323
38.637340
38.637343
38.637345
38.637347
38.637431
38.732638
38.732651
38.732654
38.732656
38.732658
38.732666
38.732668
38.832462
38.832475
38.832477
38.832479
38.832481
38.832506
38.832509
38.932728
38.932742
38.932744
38.932746
38.932748
38.932750
39.032893
39.032913
39.032916
39.032918
39.032920
39.032922
39.032923
39.132807
39.132822
39.132825
39.132827
39.132829
39.132832
39.132833
39.232444
39.232458
39.232461
39.232463
39.232470
39.232472
39.340053
39.340067
39.340070
39.340072
39.340074
39.340076
39.340078
39.432523
39.432538
39.432540
39.432542
39.432544
39.432546
39.432548
39.532589
39.532601
39.532604
39.532606
39.532608
39.532609
39.639730
39.639743
39.639746
39.639748
39.639750
39.639752
39.639754
39.732523
39.732535
39.732538
39.732540
39.732547
39.732549
39.732551
39.832610
39.832623
39.832625
39.832627
39.832629
39.832630
39.932631
39.932645
39.932648
39.932650
39.932652
39.932654
39.932656
40.032666
40.032680
40.032683
40.032685
40.032687
40.032689
40.032698
40.132700
40.132716
40.132718
40.132720
40.132722
40.132724
40.232687
40.232701
40.232703
40.232706
40.232708
40.232710
40.232713
40.332720
40.332733
40.332735
40.332737
40.332738
40.332740
40.332742
40.432891
40.432906
40.432909
40.432911
40.432913
40.432914
40.532915
40.532931
40.532934
40.532936
40.532937
40.532939
40.532941
40.634752
40.634765
40.634767
40.634769
40.634771
40.634773
40.634774
40.732701
40.732716
40.732718
40.732721
40.732723
40.732724
40.832639
40.832653
40.832655
40.832657
40.832659
40.832661
40.832663
40.933353
40.933369
40.933371
40.933373
40.933376
40.933378
40.933387
41.032599
41.032619
41.032622
41.032624
41.032626
41.032628
41.136977
41.136987
41.136990
41.136992
41.136993
41.137112
41.137119
41.232257
41.232267
41.232272
41.232297
41.232344
41.232458
41.232463
41.332620
41.332633
41.332636
41.332638
41.332640
41.332648
41.432735
41.432749
41.432751
41.432753
41.432755
41.432757
41.432759
41.532707
41.532721
41.532723
41.532730
41.532732
41.532740
41.532743
41.636391
41.636403
41.636406
41.636408
41.636409
41.636411
41.732308
41.732318
41.732349
41.732355
41.732421
41.732424
41.732443
41.836746
41.836757
41.836759
41.836761
41.836763
41.836764
41.836766
41.932462
41.932475
41.932477
41.932484
41.932487
41.932501
42.032717
42.032732
42.032734
42.032737
42.032739
42.032741
42.032743
42.132740
42.132754
42.132757
42.132759
42.132761
42.132763
42.132765
42.232352
42.232365
42.232475
42.232480
42.232482
42.232484
42.337079
42.337088
42.337090
42.337092
42.337094
42.337096
42.337097
42.432478
42.432491
42.432494
42.432496
42.432498
42.432500
42.432507
42.532445
42.532457
42.532460
42.532462
42.532474
42.532478
42.632319
42.632331
42.632346
42.632349
42.632351
42.632389
42.632396

