42.682596
42.683073
42.721472
42.822022
42.822039
42.822045
42.822050
42.822053
42.822057
42.922032
42.922049
42.922055
42.922059
42.922063
42.922066
42.922070
43.022019
43.022035
43.022041
43.022046
43.022049
43.022053
43.022056
43.122010
43.122028
43.122034
43.122038
43.122042
43.122045
43.222056
43.222073
43.222080
43.222084
43.222088
43.222091
43.222095
43.322035
43.322052
43.322058
43.322063
43.322066
43.322070
43.322073
43.422024
43.422042
43.422048
43.422052
43.422056
43.422059
43.522074
43.522094
43.522098
43.522102
43.522106
43.522109
43.522112
43.622060
43.622080
43.622088
43.622095
43.622101
43.622107
43.622122
43.722452
43.722471
43.722476
43.722480
43.722483
43.722487
43.822012
43.822029
43.822035
43.822039
43.822043
43.822046
43.822049
43.922912
43.922933
43.922947
43.922954
43.922963
43.923011
43.923029
44.022089
44.022116
44.022125
44.022132
44.022175
44.022180
44.122011
44.122028
44.122034
44.122038
44.122042
44.122046
44.122049
44.222006
44.222022
44.222029
44.222033
44.222037
44.222041
44.222045
44.322012
44.322029
44.322034
44.322039
44.322042
44.322046
44.421949
44.421967
44.421973
44.421976
44.421980
44.421993
44.421997
44.522007
44.522024
44.522030
44.522035
44.522038
44.522042
44.522046
44.621930
44.621949
44.621955
44.621966
44.621970
44.621974
44.722256
44.722273
44.722279
44.722283
44.722287
44.722291
44.722295
44.821976
44.821993
44.822000
44.822004
44.822008
44.822012
44.822016
44.921989
44.922005
44.922012
44.922016
44.922020
44.922023
45.022020
45.022056
45.022062
45.022065
45.022069
45.022073
45.022077
45.121972
45.121994
45.121999
45.122003
45.122007
45.122010
45.122023
45.222005
45.222022
45.222028
45.222032
45.222036
45.222039
45.321999
45.322016
45.322023
45.322028
45.322032
45.322036
45.322047
45.421860
45.421892
45.421901
45.421922
45.421930
45.421939
45.421946
45.521987
45.522007
45.522012
45.522016
45.522020
45.522024
45.621978
45.621995
45.622001
45.622005
45.622009
45.622013
45.622016
45.722183
45.722199
45.722206
45.722211
45.722284
45.722300
45.722306
45.821954
45.821971
45.821977
45.821981
45.821984
45.821988
45.921931
45.921948
45.921954
45.921958
45.921962
45.921966
45.921969
46.021948
46.021964
46.021970
46.021975
46.021979
46.021982
46.021986
46.121951
46.121967
46.121974
46.121978
46.121982
46.121986
46.221929
46.221947
46.221954
46.221958
46.221963
46.221966
46.221970
46.321915
46.321933
46.321939
46.321943
46.321946
46.321950
46.321954
46.421942
46.421960
46.421966
46.421969
46.421973
46.421977
46.521947
46.521963
46.521970
46.521974
46.521977
46.521981
46.521984
46.622008
46.622025
46.622031
46.622035
46.622039
46.622043
46.622046
46.722183
46.722200
46.722206
46.722211
46.722220
46.722260
46.821914
46.821929
46.821934
46.821937
46.821941
46.821945
46.821948
46.921898
46.921916
46.921925
46.921932
46.921939
46.921946
46.921977
47.022003
47.022022
47.022032
47.022040
47.022084
47.022093
47.121912
47.121932
47.121941
47.121948
47.121970
47.121975
47.121984
47.221890
47.221910
47.221919
47.221926
47.221973
47.221980
47.221984
47.321996
47.322016
47.322025
47.322032
47.322079
47.322087
47.421982
47.422001
47.422012
47.422019
47.422054
47.422060
47.422064
47.522023
47.522042
47.522052
47.522059
47.522094
47.522101
47.522105
47.622016
47.622038
47.622047
47.622082
47.622089
47.622094
47.722276
47.722296
47.722301
47.722305
47.722309
47.722312
47.722316
47.821937
47.821961
47.821969
47.821976
47.821983
47.821990
47.821998
47.921857
47.921873
47.921879
47.921882
47.921887
47.921890
48.021987
48.022005
48.022013
48.022023
48.022028
48.022031
48.022035
48.121901
48.121918
48.121923
48.121927
48.121931
48.121934
48.121938
48.221908
48.221923
48.221928
48.221932
48.221935
48.221939
48.321909
48.321925
48.321929
48.321933
48.321937
48.321941
48.321944
48.421905
48.421920
48.421924
48.421928
48.421932
48.421936
48.421939
48.521825
48.521848
48.521853
48.521867
48.521871
48.521875
48.622251
48.622270
48.622275
48.622279
48.622283
48.622287
48.622291
48.725974
48.725989
48.725995
48.726000
48.726004
48.726008
48.726012
48.828008
48.828019
48.828023
48.828026
48.828030
48.828038
48.927574
48.928484
48.928493
48.928497
48.928500
48.928504
48.928507
49.024927
49.024938
49.024942
49.024946
49.024949
49.024953
49.024956
49.124389
49.124399
49.124403
49.124407
49.124410
49.124564
49.224759
49.224771
49.224775
49.224781
49.224788
49.224794
49.224801
49.325636
49.325648
49.325652
49.325656
49.325659
49.325804
49.325814
49.425127
49.425139
49.426092
49.426101
49.426104
49.426108
49.525863
49.525874
49.525878
49.525882
49.525885
49.525889
49.525894
49.625711
49.625724
49.625728
49.625732
49.625735
49.625739
49.625742
49.727755
49.727766
49.727770
49.727774
49.727807
49.727812
49.827570
49.827580
49.827585
49.827588
49.827624
49.827631
49.827635
49.927722
49.927732
49.927736
49.927739
49.927746
49.927750
49.927756
50.028026
50.028036
50.028040
50.028044
50.028053
50.028061
50.125588
50.125602
50.125608
50.125614
50.125618
50.125623
50.125627
50.221803
50.221815
50.221819
50.221823
50.221826
50.221869
50.221876
50.326925
50.326939
50.326945
50.326950
50.326955
50.327085
50.421790
50.421800
50.421804
50.421808
50.421815
50.421819
50.421845
50.521900
50.521918
50.521924
50.521928
50.521932
50.521935
50.521939
50.621941
50.621957
50.621963
50.621968
50.621972
50.621976
50.721969
50.721987
50.721992
50.721996
50.722000
50.722003
50.722013
50.822000
50.822016
50.822023
50.822028
50.822031
50.822035
50.822039
50.922004
50.922022
50.922027
50.922031
50.922034
50.922037
51.021923
51.021938
51.021944
51.021948
51.021953
51.021958
51.021961
51.121991
51.122009
51.122015
51.122019
51.122022
51.122026
51.122029
51.221991
51.222012
51.222016
51.222020
51.222023
51.222027
51.321981
51.321998
51.322004
51.322009
51.322012
51.322015
51.322019
51.422013
51.422029
51.422035
51.422040
51.422043
51.422047
51.422050
51.522019
51.522036
51.522042
51.522047
51.522050
51.522054
51.621996
51.622012
51.622018
51.622023
51.622026
51.622029
51.622033
51.722220
51.722236
51.722242
51.722247
51.722250
51.722254
51.722257
51.822003
51.822020
51.822026
51.822030
51.822034
51.822037
51.922001
51.922019
51.922025
51.922028
51.922032
51.922035
51.922039
52.021920
52.021937
52.021943
52.021948
52.021951
52.021955
52.021971
52.121972
52.121988
52.121994
52.121999
52.122002
52.122006
52.221870
52.221887
52.221893
52.221897
52.221900
52.221910
52.221914
52.322009
52.322027
52.322033
52.322037
52.322041
52.322045
52.322048
52.422018
52.422034
52.422040
52.422044
52.422048
52.422051
52.521984
52.522001
52.522007
52.522011
52.522015
52.522018
52.522022
52.622003
52.622020
52.622027
52.622031
52.622034
52.622038
52.622041
52.722202
52.722225
52.722229
52.722233
52.722236
52.722240
52.821874
52.821896
52.821900
52.821904
52.821908
52.821911
52.821922
52.921945
52.921962
52.921968
52.921972
52.921976
52.921986
52.921990
53.021971
53.021988
53.021994
53.021999
53.022003
53.022006
53.121980
53.121997
53.122004
53.122008
53.122011
53.122015
53.122018
53.221652
53.221663
53.221672
53.221704
53.221755
53.221764
53.221793
53.321982
53.322003
53.322008
53.322012
53.322015
53.322019
53.428838
53.428855
53.428862
53.428868
53.428884
53.428889
53.428892
53.521819
53.521832
53.521838
53.521851
53.521858
53.521895
53.521945
53.621922
53.621936
53.621942
53.621947
53.621958
53.621962
53.721977
53.721994
53.722008
53.722013
53.722103
53.722117
53.722123
53.821798
53.821814
53.821820
53.821825
53.821848
53.821853
53.821877
53.921772
53.921785
53.921799
53.921825
53.921852
53.921863
54.021772
54.021788
54.021798
54.021802
54.021821
54.021853
54.021865
54.121645
54.121656
54.121663
54.121668
54.121739
54.121749
54.121754
54.221882
54.221894
54.221898
54.221901
54.221905
54.221913
54.321953
54.321967
54.321973
54.321978
54.321983
54.321987
54.321990
54.421891
54.421906
54.421913
54.421918
54.421922
54.421926
54.421940
54.521768
54.521781
54.521785
54.521795
54.521802
54.521816
54.621849
54.621865
54.621872
54.621878
54.621886
54.621901
54.621908
54.721783
54.721796
54.721804
54.721819
54.721842
54.721858
54.721942
54.821876
54.821890
54.821894
54.821897
54.821901
54.821904
54.921887
54.921904
54.921910
54.921914
54.921918
54.921922
54.921925
55.021935
55.021952
55.021958
55.021962
55.021966
55.021969
55.021973
55.125168
55.125186
55.125193
55.125197
55.125201
55.125204
55.221904
55.221923
55.221928
55.221931
55.221935
55.221939
55.221942
55.321915
55.321932
55.321938
55.321942
55.321946
55.321949
55.321953
55.421907
55.421925
55.421931
55.421935
55.421939
55.421942
55.522550
55.522570
55.523343
55.523356
55.523361
55.523365
55.523368
55.621862
55.621880
55.621885
55.621889
55.621893
55.621904
55.621908
55.722208
55.722225
55.722231
55.722235
55.722239
55.722242
55.821956
55.821973
55.821979
55.821983
55.821987
55.821990
55.821994
55.921987
55.922004
55.922010
55.922014
55.922017
55.922021
55.922024
56.021975
56.021992
56.021998
56.022002
56.022006
56.022009
56.121873
56.121889
56.121896
56.121901
56.121905
56.121908
56.121924
56.221742
56.221754
56.221758
56.221761
56.221772
56.221777
56.221806
56.322351
56.322366
56.322372
56.322377
56.322382
56.322386
56.421794
56.421806
56.421810
56.421813
56.421821
56.421825
56.421856
56.522598
56.522608
56.522612
56.522616
56.522627
56.522631
56.522761
56.621863
56.621876
56.621880
56.621884
56.621918
56.621923
56.722106
56.722121
56.722127
56.722132
56.722137
56.722140
56.722144
56.821955
56.821972
56.821978
56.821983
56.821986
56.821990
56.821993
56.921935
56.921952
56.921958
56.921963
56.921966
56.921970
57.021894
57.021911
57.021917
57.021921
57.021925
57.021942
57.021947
57.121974
57.121991
57.121997
57.122002
57.122005
57.122009
57.122012
57.221962
57.221980
57.221985
57.221990
57.221993
57.221997
57.321774
57.321797
57.321935
57.321958
57.321963
57.321968
57.321973
57.422000
57.422017
57.422023
57.422027
57.422031
57.422035
57.422039
57.521974
57.521991
57.521998
57.522002
57.522005
57.522009
57.621991
57.622010
57.622015
57.622019
57.622023
57.622026
57.622030
57.723640
57.723659
57.723664
57.723667
57.723671
57.723675
57.723678
57.823324
57.823353
57.823371
57.823378
57.823386
57.823419
57.921974
57.921994
57.921999
57.922003
57.922007
57.922011
57.922014
58.021913
58.021930
58.021934
58.021938
58.021942
58.021945
58.021949
58.121909
58.121922
58.121927
58.121930
58.121934
58.121937
58.221892
58.221912
58.221937
58.221941
58.221944
58.221948
58.221958
58.321751
58.321766
58.321773
58.321778
58.321783
58.321793
58.321827
58.429349
58.429358
58.429362
58.429366
58.429370
58.429373
58.521835
58.521850
58.521856
58.521861
58.521871
58.521875
58.521879
58.629750
58.629761
58.629765
58.629768
58.629772
58.629775
58.629779
58.721837
58.721847
58.721851
58.721855
58.721858
58.721866
58.825857
58.825877
58.825892
58.825904
58.825911
58.921808
58.921822
58.921826
58.921837
58.921843
58.921869
58.921883
59.021767
59.021782
59.021789
59.021804
59.021812
59.021818
59.121826
59.121841
59.121847
59.121852
59.121863
59.121867
59.121871
59.221978
59.221992
59.221999
59.222004
59.222009
59.222013
59.222016
59.321892
59.321915
59.321920
59.321924
59.321928
59.321932
59.422036
59.422057
59.422062
59.422066
59.422070
59.422073
59.422077
59.522867
59.522881
59.522885
59.522889
59.522893
59.522896
59.522900
59.625758
59.625768
59.625772
59.625776
59.625783
59.625787
59.722181
59.722200
59.722212
59.722250
59.722279
59.722335
59.722388
59.822351
59.822366
59.822372
59.822377
59.822382
59.822387
59.822538
59.921731
59.921742
59.921759
59.921870
59.921883
59.921894
00.021748
00.021759
00.021790
00.021815
00.021869
00.021886
00.021922
00.123701
00.123710
00.123714
00.123721
00.123727
00.123774
00.123785
00.221823
00.221835
00.221839
00.221842
00.221846
00.221849
00.321897
00.321913
00.321919
00.321923
00.321927
00.321931
00.321942
00.421835
00.421845
00.421849
00.421852
00.421855
00.421866
00.421870
00.521853
00.521868
00.521874
00.521879
00.521883
00.521886
00.625332
00.625345
00.625349
00.625353
00.625356
00.625376
00.625384
00.721765
00.721781
00.721787
00.721792
00.721804
00.721811
00.721939
00.821762
00.821775
00.821784
00.821791
00.821818
00.821833
00.921832
00.921846
00.921850
00.921853
00.921862
00.921866
00.921884
01.021849
01.021864
01.021870
01.021875
01.021880
01.021883
01.021893
01.124687
01.124701
01.124706
01.124721
01.124725
01.124753
01.221787
01.221800
01.221804
01.221808
01.221817
01.221820
01.221827
01.321840
01.321853
01.321857
01.321861
01.321864
01.321901
01.321906
01.421783
01.421797
01.421802
01.421805
01.421814
01.421818
01.521772
01.521784
01.521788
01.521792
01.521796
01.521805
01.521809
01.625890
01.625909
01.625924
01.625934
01.625941
01.625948
01.625957
01.721803
01.721816
01.721820
01.721823
01.721833
01.721837
01.821851
01.821863
01.821867
01.821871
01.821874
01.821888
01.822033
01.921805
01.921818
01.921822
01.921826
01.921836
01.921840
01.921917
02.023912
02.024081
02.024091
02.024095
02.024098
02.024102
02.121960
02.121977
02.121983
02.121987
02.121991
02.121994
02.121998
02.221909
02.221926
02.221932
02.221937
02.221941
02.221945
02.221948
02.321944
02.321962
02.321967
02.321971
02.321974
02.321978
02.421934
02.421951
02.421957
02.421961
02.421964
02.421968
02.421971
02.521972
02.521989
02.521995
02.521999
02.522003
02.522006
02.522010
02.621769
02.621778
02.621782
02.621790
02.621794
02.621867
02.721847
02.721858
02.721862
02.721866
02.721870
02.721873
02.721885
02.823177
02.823193
02.823199
02.823204
02.823209
02.823213
02.823216
02.921814
02.921825
02.921829
02.921833
02.921837
02.921840
03.021783
03.021797
03.021804
03.021815
03.021820
03.021850
03.021855
03.121757
03.121768
03.121772
03.121776
03.121783
03.121787
03.121814
03.221817
03.221833
03.221839
03.221844
03.221849
03.221852
03.323365
03.323377
03.323381
03.323384
03.323388
03.323391
03.323395
03.421777
03.421795
03.421802
03.421811
03.421831
03.421878
03.421938
03.521817
03.521834
03.521841
03.521847
03.521850
03.521859
03.621762
03.621773
03.621777
03.621781
03.621784
03.621788
03.621791
03.721835
03.721848
03.721852
03.721855
03.721859
03.721868
03.721993
03.823443
03.823455
03.823460
03.823463
03.823467
03.823470
03.921806
03.921821
03.921827
03.921832
03.921836
03.921847
03.921853
04.021806
04.021824
04.021836
04.021863
04.021875
04.021879
04.021882
04.121585
04.121598
04.121605
04.121645
04.121651
04.121658
04.221795
04.221815
04.221825
04.221851
04.221864
04.221869
04.221872
04.321816
04.321838
04.321847
04.321868
04.321874
04.321889
04.321896
04.421871
04.421889
04.421900
04.421941
04.421949
04.421953
04.521828
04.521846
04.521857
04.521886
04.521894
04.521904
04.521908
04.621843
04.621862
04.621872
04.621922
04.621935
04.621939
04.621943
04.722018
04.722033
04.722041
04.722047
04.722097
04.722104
04.821768
04.821787
04.821845
04.821855
04.821866
04.821869
04.821873
04.921774
04.921792
04.921803
04.921834
04.921847
04.921852
04.921855
05.021815
05.021833
05.021844
05.021869
05.021882
05.021886
05.121789
05.121807
05.121818
05.121846
05.121858
05.121863
05.121866
05.221799
05.221818
05.221829
05.221858
05.221872
05.221876
05.221880
05.321883
05.321900
05.321911
05.321964
05.321971
05.321975
05.421717
05.421731
05.421738
05.421769
05.421781
05.421785
05.421788
05.521999
05.522019
05.522029
05.522036
05.522057
05.522064
05.522068
05.621754
05.621771
05.621839
05.621862
05.621875
05.621912
05.722144
05.722154
05.722158
05.722162
05.722169
05.722253
05.722268
05.821809
05.821825
05.821831
05.821842
05.821847
05.821883
05.821891
05.921768
05.921779
05.921808
05.921838
05.921889
05.921895
06.021809
06.021823
06.021829
06.021834
06.021845
06.021888
06.021934
06.121834
06.121849
06.121856
06.121861
06.121871
06.121932
06.121943
06.221764
06.221777
06.221796
06.221801
06.221879
06.221899
06.321878
06.321891
06.321896
06.321948
06.321957
06.322068
06.322090
06.421928
06.421944
06.421950
06.421955
06.421966
06.421970
06.422117
06.521878
06.521894
06.521906
06.521911
06.521915
06.521989
06.621901
06.621918
06.621924
06.621935
06.621939
06.621997
06.622060
06.722115
06.722131
06.722142
06.722147
06.722222
06.722237
06.722270
06.821867
06.821884
06.821890
06.821895
06.821898
06.821909
06.921841
06.921858
06.921864
06.921869
06.921873
06.921883
06.921888
07.021900
07.021917
07.021923
07.021928
07.021938
07.021943
07.021946
07.121953
07.121970
07.121976
07.121980
07.121984
07.121993
07.221826
07.221839
07.221843
07.221887
07.221895
07.221965
07.221978
07.321896
07.321911
07.321918
07.321922
07.321937
07.321942
07.321973
07.421901
07.421917
07.421924
07.421929
07.421939
07.421943
07.521898
07.521917
07.521923
07.521933
07.521937
07.521980
07.522045
07.621729
07.621738
07.621769
07.621797
07.621828
07.621855
07.621911
07.722053
07.722062
07.722184
07.722197
07.722209
07.722215
07.821843
07.821872
07.821880
07.821894
07.821904
07.821951
07.821983
07.921781
07.921803
07.921807
07.921825
07.921830
07.921834
07.921837
08.021864
08.021879
08.021885
08.021890
08.021895
08.021905
08.121695
08.121704
08.121708
08.121712
08.121729
08.121734
08.121828
08.221782
08.221796
08.221802
08.221807
08.221812
08.221822
08.222098
08.321906
08.321923
08.321930
08.321934
08.321939
08.321942
08.421740
08.421756
08.421762
08.421767
08.421771
08.421782
08.421786
08.521905
08.521922
08.521928
08.521933
08.521936
08.521940
08.521956
08.621716
08.621725
08.621729
08.621733
08.621740
08.621880
08.721935
08.721945
08.721949
08.721953
08.721969
08.722112
08.722127
08.821933
08.821951
08.821957
08.821961
08.821965
08.821968
08.821972
08.921921
08.921941
08.921946
08.921949
08.921953
08.921956
09.021937
09.021954
09.021960
09.021964
09.021967
09.021971
09.021974
09.121793
09.121814
09.121819
09.121823
09.121833
09.121838
09.121878
09.221869
09.221890
09.221895
09.221898
09.221902
09.221905
09.321939
09.321958
09.321963
09.321967
09.321970
09.321974
09.321978
09.421898
09.421916
09.421922
09.421925
09.421929
09.421933
09.421936
09.521912
09.521930
09.521936
09.521940
09.521944
09.521948
09.621760
09.621769
09.621774
09.621777
09.621785
09.621789
09.621793
09.722038
09.722055
09.722061
09.722065
09.722068
09.722072
09.722082
09.821793
09.821805
09.821809
09.821812
09.821821
09.821825
09.921753
09.921763
09.921767
09.921770
09.921778
09.921852
09.921867
10.021748
10.021758
10.021762
10.021765
10.021773
10.021812
10.021831
10.121723
10.121732
10.121736
10.121740
10.121747
10.121752
10.221900
10.221917
10.221923
10.221927
10.221931
10.221934
10.221938
10.321964
10.321981
10.321987
10.321991
10.321994
10.321998
10.322001
10.421897
10.421914
10.421920
10.421924
10.421928
10.421931
10.521944
10.521961
10.521967
10.521971
10.521975
10.521978
10.521981
10.621902
10.621919
10.621924
10.621928
10.621932
10.621935
10.621939
10.721963
10.721979
10.721985
10.721996
10.722001
10.722007
10.821794
10.821809
10.821816
10.821821
10.821835
10.821842
10.821848
10.921576
10.921586
10.921590
10.921594
10.921601
10.921607
10.921679
11.021738
11.021755
11.021767
11.021772
11.021806
11.021824
11.121675
11.121684
11.121711
11.121732
11.121739
11.121764
11.121824
11.221689
11.221701
11.221709
11.221713
11.221783
11.221793
11.221797
11.326828
11.326845
11.326857
11.326867
11.326874
11.326889
11.421687
11.421699
11.421707
11.421736
11.421755
11.421806
11.421879
11.521704
11.521717
11.521725
11.521729
11.521799
11.521819
11.521825
11.626259
11.626269
11.626274
11.626277
11.626280
11.626287
11.722004
11.722014
11.722018
11.722022
11.722029
11.722032
11.722070
11.821791
11.821804
11.821809
11.821814
11.821825
11.821829
11.821978
11.921762
11.921772
11.921776
11.921779
11.921783
11.921790
12.023872
12.023889
12.023895
12.023900
12.023904
12.023908
12.023911
12.126900
12.126910
12.126917
12.126921
12.126960
12.127086
12.127094
12.221714
12.221724
12.221728
12.221731
12.221771
12.221778
12.321707
12.321729
12.321738
12.321778
12.321790
12.321802
12.321812
12.421746
12.421758
12.421762
12.421765
12.421774
12.421789
12.421853
12.521884
12.521900
12.521906
12.521911
12.521914
12.521918
12.621882
12.621899
12.621905
12.621909
12.621912
12.621916
12.621919
12.721818
12.721836
12.721842
12.721847
12.721857
12.721861
12.721865
12.821869
12.821888
12.821895
12.821902
12.821909
12.821915
12.921906
12.921924
12.921930
12.921935
12.921938
12.921942
12.921955
13.021868
13.021887
13.021898
13.021922
13.021928
13.021931
13.021941
13.122315
13.122328
13.122339
13.122347
13.122358
13.122362
13.221689
13.221702
13.221713
13.221721
13.221792
13.221812
13.221822
13.321657
13.321669
13.321681
13.321690
13.321752
13.321765
13.321772
13.421655
13.421667
13.421679
13.421710
13.421743
13.421751
13.521785
13.521798
13.521805
13.521833
13.521839
13.521844
13.521853
13.627126
13.627139
13.627146
13.627153
13.627265
13.627277
13.627284
13.723720
13.723742
13.723750
13.723756
13.723763
13.723770
13.821887
13.821905
13.821911
13.821916
13.821920
13.821931
13.821936
13.921677
13.921689
13.921693
13.921697
13.921845
13.921858
13.921864
14.021738
14.021757
14.021765
14.021772
14.021778
14.021794
14.124637
14.124654
14.124661
14.124674
14.124681
14.124684
14.124688
14.221746
14.221763
14.221774
14.221779
14.221851
14.221871
14.221885
14.328450
14.328460
14.328464
14.328471
14.328477
14.328519
14.421706
14.421717
14.421754
14.421780
14.421905
14.421921
14.421930
14.521702
14.521712
14.521742
14.521794
14.521842
14.521849
14.521914
14.625719
14.625729
14.625733
14.625740
14.625744
14.625788
14.721955
14.721974
14.721979
14.721982
14.721992
14.721997
14.722155
14.821884
14.821901
14.821918
14.821922
14.821960
14.822109
14.822154
14.921862
14.921883
14.921888
14.921897
14.921916
14.922050
15.021891
15.021909
15.021915
15.021925
15.021929
15.021948
15.022121
15.121724
15.121735
15.121739
15.121742
15.121746
15.121754
15.121758
15.221782
15.221792
15.221796
15.221800
15.221803
15.221813
15.321729
15.321742
15.321746
15.321754
15.321759
15.321817
15.321827
15.421778
15.421791
15.421795
15.421798
15.421801
15.421810
15.421814
15.521776
15.521788
15.521792
15.521796
15.521799
15.521807
15.626572
15.626583
15.626589
15.626593
15.626597
15.626602
15.626627
15.721730
15.721813
15.721846
15.721910
15.721966
15.722001
15.722034
15.821803
15.821816
15.821823
15.821888
15.821911
15.821945
15.921948
15.921966
15.921972
15.921975
15.921979
15.921982
15.921985
16.021954
16.021971
16.021977
16.021981
16.021985
16.021988
16.021992
16.121913
16.121931
16.121937
16.121941
16.121945
16.121948
16.221914
16.221931
16.221938
16.221942
16.221945
16.221949
16.221952
16.321896
16.321914
16.321920
16.321923
16.321927
16.321930
16.321934
16.421864
16.421882
16.421888
16.421893
16.421896
16.421900
16.521745
16.521755
16.521759
16.521763
16.521769
16.521846
16.521860
16.625179
16.625188
16.625192
16.625196
16.625199
16.625203
16.625206
16.721728
16.721746
16.721753
16.721758
16.721766
16.721771
16.822260
16.822274
16.822280
16.822285
16.822289
16.822294
16.822298
16.921724
16.921735
16.921738
16.921742
16.921749
16.921826
16.921840
17.029597
17.029607
17.029611
17.029615
17.029618
17.029622
17.121769
17.121783
17.121789
17.121794
17.121803
17.121808
17.121812
17.221834
17.221853
17.221858
17.221862
17.221876
17.221881
17.221884
17.321888
17.321908
17.321913
17.321917
17.321920
17.321924
17.421845
17.421865
17.421870
17.421874
17.421884
17.421888
17.421892
17.521911
17.521928
17.521935
17.521939
17.521942
17.521946
17.521955
17.625887
17.625904
17.625911
17.625924
17.625931
17.625941
17.721796
17.721809
17.721813
17.721817
17.721820
17.721829
17.721833
17.821711
17.821729
17.821741
17.821816
17.821838
17.821844
17.821855
17.921614
17.921625
17.921629
17.921636
17.921681
17.921691
18.021721
18.021742
18.021750
18.021757
18.021763
18.021779
18.021786
18.126809
18.126826
18.126833
18.126840
18.126850
18.126857
18.126860
18.221591
18.221610
18.221624
18.221631
18.221645
18.221652
18.321845
18.321864
18.321872
18.321878
18.321884
18.321939
18.321944
18.421677
18.421695
18.421708
18.421744
18.421761
18.421772
18.421781
18.521705
18.521722
18.521734
18.521775
18.521787
18.521834
18.625059
18.625076
18.625089
18.625096
18.625103
18.625109
18.625122
18.721743
18.721761
18.721774
18.721781
18.721809
18.721818
18.721881
18.829117
18.829134
18.829141
18.829148
18.829162
18.829169
18.921734
18.921750
18.921815
18.921830
18.921875
18.921886
18.921929
19.021809
19.021832
19.021843
19.021850
19.021859
19.021871
19.021875
19.126452
19.126463
19.126467
19.126471
19.126474
19.126484
19.221629
19.221643
19.221652
19.221657
19.221687
19.221694
19.221716
19.328154
19.328165
19.328169
19.328173
19.328176
19.328180
19.328183
19.421814
19.421829
19.421835
19.421840
19.421844
19.421854
19.521941
19.521959
19.521965
19.521969
19.521973
19.521976
19.521980
19.621936
19.621953
19.621959
19.621964
19.621967
19.621971
19.621974
19.721816
19.721832
19.721839
19.721843
19.721847
19.721857
19.821834
19.821844
19.821848
19.821852
19.821856
19.821859
19.821863
19.921728
19.921740
19.921744
19.921747
19.921751
19.921778
19.921852
20.021709
20.021723
20.025897
20.025907
20.025911
20.025915
20.121666
20.121675
20.121690
20.121732
20.121744
20.121752
20.121756
20.221678
20.221687
20.221691
20.221695
20.221702
20.221727
20.221767
20.321756
20.321766
20.321771
20.321774
20.321778
20.321785
20.421686
20.421697
20.421701
20.421704
20.421712
20.421716
20.421841
20.521799
20.521814
20.521820
20.521826
20.521837
20.521841
20.521845
20.621674
20.621684
20.621688
20.621692
20.621718
20.621726
20.721750
20.721758
20.721762
20.721766
20.721793
20.721798
20.721904
20.821804
20.821821
20.821826
20.821829
20.821833
20.821837
20.821846
20.921698
20.921706
20.921710
20.921714
20.921722
20.921844
21.021766
21.021782
21.021788
21.021793
21.021797
21.021807
21.021811
21.121668
21.121679
21.121683
21.121687
21.121695
21.121699
21.121728
21.221684
21.221693
21.221697
21.221701
21.221708
21.221712
21.321747
21.321757
21.321761
21.321765
21.321772
21.321796
21.321801
21.421723
21.421733
21.421737
21.421740
21.421748
21.421752
21.421858
21.521718
21.521731
21.521735
21.521738
21.521746
21.521773
21.623237
21.623247
21.623253
21.623257
21.623282
21.623287
21.623293
21.721701
21.721716
21.721722
21.721727
21.721761
21.721769
21.721773
21.826642
21.826653
21.826657
21.826666
21.826672
21.826678
21.921644
21.921655
21.921689
21.921695
21.921746
21.921759
21.921762
22.021728
22.021744
22.021750
22.021755
22.021765
22.021770
22.021774
22.122916
22.122925
22.122933
22.122938
22.122973
22.122981
22.221738
22.221747
22.221751
22.221755
22.221758
22.221766
22.221903
22.321768
22.321777
22.321785
22.321884
22.321898
22.321904
22.321915
22.421721
22.421729
22.421733
22.421737
22.421740
22.421869
22.521756
22.521771
22.521777
22.521782
22.521787
22.521800
22.521804
22.621647
22.621656
22.621660
22.621664
22.621672
22.621676
22.621717
22.721679
22.721688
22.721692
22.721730
22.721740
22.721747
22.821740
22.821755
22.821761
22.821766
22.821776
22.821816
22.821843
22.921719
22.921729
22.921733
22.921737
22.921767
22.921772
22.921775
23.023661
23.023679
23.023685
23.023695
23.023699
23.023703
23.121740
23.121754
23.121758
23.121762
23.121766
23.121769
23.121792
23.221726
23.221738
23.221741
23.221745
23.221753
23.221771
23.221805
23.321732
23.321741
23.321746
23.321780
23.321827
23.321837
23.421729
23.421743
23.421747
23.421751
23.421760
23.421764
23.421767
23.521696
23.521715
23.521730
23.521737
23.521787
23.521803
23.521922
23.621662
23.621672
23.621676
23.621684
23.621688
23.621824
23.721902
23.721916
23.721922
23.721927
23.721932
23.721936
23.721939
23.821678
23.821698
23.821709
23.821713
23.821749
23.821776
23.821785
23.921714
23.921733
23.921738
23.921741
23.921746
23.921750
24.021860
24.021877
24.021883
24.021887
24.021890
24.021894
24.021897
24.121861
24.121878
24.121884
24.121888
24.121892
24.121896
24.121899
24.221886
24.221904
24.221909
24.221913
24.221917
24.221920
24.321909
24.321933
24.321938
24.321942
24.321946
24.321949
24.321953
24.421672
24.421683
24.421713
24.421741
24.421794
24.421841
24.421861
24.521720
24.521734
24.521739
24.521750
24.521827
24.521841
24.621653
24.621664
24.621697
24.621702
24.621759
24.621805
24.621811
24.721977
24.721993
24.722004
24.722059
24.722093
24.722121
24.722181
24.822651
24.822665
24.822672
24.822682
24.822688
24.822718
24.921643
24.921657
24.921716
24.921721
24.921796
24.921810
24.921857
25.021730
25.021746
25.021752
25.021763
25.021808
25.021876
25.021910
25.121795
25.121813
25.121824
25.121853
25.121973
25.121991
25.221776
25.221792
25.221798
25.221809
25.221853
25.221990
25.222050
25.321876
25.321893
25.321899
25.321904
25.321913
25.321943
25.321999
25.421836
25.421857
25.421862
25.421872
25.421923
25.421928
25.521848
25.521865
25.521871
25.521881
25.521926
25.522059
25.522131
25.621851
25.621869
25.621875
25.621885
25.621891
25.622000
25.622047
25.722092
25.722111
25.722117
25.722126
25.722131
25.722269
25.823601
25.823638
25.823646
25.823653
25.823703
25.823746
25.823857
25.921846
25.921876
25.921881
25.921898
25.921904
25.921909
25.921996
26.021908
26.021926
26.021932
26.021936
26.021940
26.021944
26.121955
26.121974
26.121980
26.121983
26.121987
26.121991
26.121995
26.221553
26.221566
26.221574
26.221589
26.221613
26.221665
26.221681
26.321583
26.321599
26.321605
26.321615
26.321693
26.321712
26.421617
26.421630
26.421634
26.421637
26.421765
26.421784
26.421793
26.521753
26.521769
26.521775
26.521781
26.521785
26.521789
26.521792
26.621897
26.621916
26.621922
26.621927
26.621931
26.621934
26.721991
26.722007
26.722013
26.722018
26.722023
26.722033
26.722070
26.821853
26.821872
26.821877
26.821881
26.821885
26.821889
26.821893
26.921600
26.921614
26.921622
26.921627
26.921771
26.921785
27.021721
27.021737
27.021743
27.021748
27.021753
27.021757
27.021767
27.123335
27.123345
27.123349
27.123356
27.123360
27.123368
27.123374
27.221732
27.221750
27.221757
27.221764
27.221770
27.221784
27.321650
27.321665
27.321753
27.321769
27.321777
27.321789
27.321796
27.421668
27.421686
27.421698
27.421745
27.421781
27.421794
27.421830
27.521760
27.521778
27.521786
27.521793
27.521799
27.521816
27.622945
27.622956
27.622960
27.622971
27.622976
27.622981
27.622988
27.721730
27.721745
27.721751
27.721756
27.721762
27.721774
27.721779
27.821671
27.821693
27.821700
27.821714
27.821724
27.821735
27.921680
27.921693
27.921701
27.921706
27.921780
27.921795
27.921801
28.021649
28.021666
28.021673
28.021684
28.021688
28.021763
28.021779
28.121596
28.121607
28.121611
28.121627
28.121635
28.121663
28.221666
28.221676
28.221680
28.221688
28.221694
28.221698
28.221842
28.321680
28.321693
28.321700
28.321780
28.321799
28.321810
28.321814
28.421683
28.421696
28.421700
28.421703
28.421725
28.421729
28.521665
28.521677
28.521681
28.521685
28.521709
28.521713
28.521745
28.621670
28.621680
28.621684
28.621691
28.621757
28.621762
28.621768
28.721670
28.721685
28.721691
28.721702
28.721706
28.721786
28.821718
28.821731
28.821735
28.821739
28.821742
28.821781
28.821848
28.921745
28.921760
28.921771
28.921777
28.921781
28.921934
28.921948
29.021760
29.021778
29.021784
29.021788
29.021792
29.021806
29.121611
29.121620
29.121655
29.121700
29.121709
29.121731
29.121768
29.221697
29.221709
29.221713
29.221716
29.221720
29.221723
29.221732
29.321737
29.321754
29.321758
29.321768
29.321807
29.321815
29.421630
29.421640
29.421647
29.421686
29.421697
29.421734
29.421744
29.521618
29.521628
29.521632
29.521635
29.521783
29.521796
29.521802
29.621860
29.621875
29.621881
29.621886
29.621891
29.621900
29.721863
29.721884
29.721892
29.721898
29.721979
29.721993
29.722005
29.821759
29.821772
29.821775
29.821779
29.821782
29.821786
29.821795
29.921614
29.921632
29.921651
29.921660
29.921704
29.921740
30.021777
30.021795
30.021802
30.021809
30.021815
30.021825
30.021836
30.123678
30.123692
30.123696
30.123955
30.123967
30.123971
30.123974
30.221683
30.221701
30.221714
30.221722
30.221761
30.221776
30.321777
30.321793
30.321797
30.321801
30.321804
30.321808
30.321811
30.421625
30.421642
30.421654
30.421661
30.421700
30.421714
30.421728
30.521690
30.521708
30.521715
30.521722
30.521728
30.521743
30.623945
30.623962
30.623974
30.623982
30.623995
30.624108
30.624119
30.721741
30.721759
30.721766
30.721773
30.721791
30.721799
30.721809
30.821809
30.821829
30.821837
30.821844
30.821859
30.821867
30.921630
30.921654
30.921703
30.921715
30.921790
30.921804
30.921816
31.021695
31.021711
31.021719
31.021731
31.021746
31.021789
31.021823
31.121639
31.121671
31.121740
31.121756
31.121792
31.121803
31.221698
31.221717
31.221729
31.221755
31.221790
31.221824
31.221845
31.321672
31.321691
31.321699
31.321711
31.321731
31.321768
31.321803
31.421677
31.421695
31.421717
31.421726
31.421780
31.421800
31.521668
31.521687
31.521701
31.521708
31.521718
31.521766
31.521786
31.621621
31.621637
31.621650
31.621657
31.621706
31.621715
31.621727
31.721681
31.721697
31.721710
31.721717
31.721742
31.721774
31.821575
31.821592
31.821604
31.821612
31.821621
31.821628
31.821675
31.921693
31.921710
31.921727
31.921734
31.921758
31.921766
31.921809
32.021791
32.021807
32.021812
32.021815
32.021819
32.021823
32.121577
32.121593
32.121604
32.121611
32.121663
32.121675
32.121690
32.221679
32.221696
32.221709
32.221716
32.221754
32.221762
32.221803
32.324048
32.324082
32.324088
32.324091
32.324100
32.324103
32.421641
32.421657
32.421668
32.421675
32.421721
32.421741
32.421765
32.521676
32.521693
32.521700
32.521717
32.521724
32.521763
32.521774
32.621658
32.621674
32.621686
32.621693
32.621744
32.621756
32.721735
32.721752
32.721759
32.721777
32.721784
32.721793
32.721831
32.824349
32.824365
32.824372
32.824384
32.824392
32.824398
32.824401
32.921678
32.921694
32.921707
32.921714
32.921751
32.921759
33.022959
33.022978
33.022986
33.022993
33.023000
33.023007
33.023014
33.121568
33.121584
33.121602
33.121608
33.121614
33.121652
33.121666
33.221716
33.221731
33.221736
33.221741
33.221746
33.221751
33.321668
33.321681
33.321684
33.321692
33.321721
33.321728
33.321754
33.421660
33.421669
33.421673
33.421677
33.421680
33.421689
33.421693
33.521739
33.521756
33.521762
33.521766
33.521769
33.521779
33.621603
33.621615
33.621641
33.621672
33.621677
33.621721
33.621728
33.721646
33.721656
33.721662
33.721693
33.721724
33.721734
33.721741
33.824665
33.824677
33.824681
33.824684
33.824688
33.824691
33.921625
33.921640
33.921644
33.921653
33.921657
33.921691
33.921713
34.021761
34.021779
34.021785
34.021789
34.021792
34.021796
34.021799
34.121620
34.121635
34.121663
34.121670
34.121693
34.121700
34.221608
34.221620
34.221694
34.221708
34.221714
34.221724
34.221731
34.321684
34.321706
34.321711
34.321714
34.321741
34.321748
34.321794
34.421884
34.421907
34.421911
34.421915
34.421919
34.421922
34.521867
34.521883
34.521889
34.521894
34.521898
34.521901
34.521904
34.621711
34.621721
34.621725
34.621728
34.621732
34.621739
34.621826
34.721681
34.721695
34.721702
34.721732
34.721782
34.721793
34.824833
34.824846
34.824854
34.824861
34.824867
34.824871
34.824875
34.921660
34.921673
34.921680
34.921711
34.921717
34.921727
34.921731
35.021761
35.021779
35.021790
35.021803
35.021810
35.021814
35.121636
35.121649
35.121656
35.121688
35.121719
35.121729
35.121816
35.221598
35.221615
35.221666
35.221696
35.221759
35.221775
35.221796
35.321838
35.321857
35.321867
35.321917
35.321923
35.321935
35.421838
35.421859
35.421868
35.421875
35.421921
35.421928
35.422037
35.521851
35.521873
35.521881
35.521933
35.521948
35.521952
35.521958
35.621870
35.621889
35.621899
35.621907
35.621955
35.621967
35.722003
35.722024
35.722032
35.722080
35.722094
35.722099
35.722102
35.821764
35.821785
35.821794
35.821850
35.821864
35.821868
35.821872
35.921725
35.921750
35.921757
35.921774
35.921782
35.921793
36.021861
36.021882
36.021886
36.021890
36.021894
36.021906
36.021985
36.121873
36.121896
36.121900
36.121904
36.121908
36.121911
36.121915
36.221861
36.221878
36.221885
36.221889
36.221893
36.221897
36.321868
36.321886
36.321892
36.321896
36.321900
36.321903
36.321907
36.421745
36.421760
36.421766
36.421771
36.421776
36.421780
36.421784
36.521695
36.521707
36.521711
36.521714
36.521717
36.521721
36.626121
36.626130
36.626134
36.626149
36.626155
36.626282
36.626291
36.721955
36.721964
36.722000
36.722062
36.722073
36.722153
36.722164
36.826624
36.826634
36.826638
36.826667
36.826671
36.826741
36.921684
36.921698
36.921708
36.921751
36.921758
36.921852
36.921868
37.021666
37.021680
37.021690
37.021722
37.021747
37.021783
37.021826
37.121809
37.121827
37.121833
37.121843
37.121886
37.122042
37.221749
37.221769
37.221782
37.221787
37.221861
37.221873
37.221889
37.321704
37.321715
37.321742
37.321770
37.321842
37.321892
37.321908
37.421645
37.421655
37.421693
37.421719
37.421805
37.421818
37.526812
37.526828
37.526836
37.526849
37.526856
37.526859
37.526863
37.621638
37.621657
37.621668
37.621675
37.621718
37.621726
37.621738
37.721810
37.721828
37.721836
37.721842
37.721850
37.721860
37.821759
37.821775
37.821780
37.821783
37.821787
37.821790
37.821793
37.921818
37.921843
37.921862
37.921866
37.921870
37.921873
37.921885
38.021824
38.021840
38.021845
38.021848
38.021852
38.021855
38.121832
38.121857
38.121861
38.121865
38.121869
38.121872
38.121876
38.221906
38.221928
38.221933
38.221936
38.221940
38.221943
38.221947
38.321787
38.321802
38.321809
38.321814
38.321818
38.321828
38.421647
38.421665
38.421669
38.421673
38.421679
38.421684
38.421721
38.521673
38.521690
38.521708
38.521716
38.521742
38.521750
38.521785
38.626331
38.626341
38.626344
38.626352
38.626356
38.626359
38.721684
38.721702
38.721709
38.721716
38.721722
38.721811
38.721825
38.821654
38.821673
38.821680
38.821687
38.821701
38.821709
38.821754
38.921792
38.921807
38.921811
38.921815
38.921818
38.921821
39.021842
39.021864
39.021869
39.021872
39.021876
39.021880
39.021892
39.121797
39.121815
39.121819
39.121823
39.121826
39.121830
39.121833
39.221598
39.221617
39.221624
39.221630
39.221718
39.221765
39.328959
39.328969
39.328973
39.328977
39.328980
39.328984
39.329133
39.421661
39.421673
39.421677
39.421681
39.421685
39.421694
39.421698
39.521738
39.521752
39.521758
39.521763
39.521768
39.521779
39.628853
39.628863
39.628867
39.628871
39.628874
39.628878
39.628881
39.721683
39.721693
39.721697
39.721707
39.721795
39.721810
39.721821
39.821720
39.821736
39.821740
39.821744
39.821748
39.821751
39.921744
39.921758
39.921764
39.921769
39.921774
39.921789
39.921793
40.021682
40.021701
40.021707
40.021711
40.021721
40.021725
40.021911
40.121706
40.121726
40.121731
40.121735
40.121739
40.121750
40.221685
40.221702
40.221708
40.221712
40.221716
40.221720
40.221723
40.321805
40.321822
40.321828
40.321832
40.321836
40.321840
40.321843
40.421907
40.421925
40.421931
40.421935
40.421939
40.421942
40.521927
40.521944
40.521949
40.521954
40.521957
40.521961
40.521965
40.623843
40.623853
40.623857
40.623861
40.623865
40.623868
40.623872
40.721804
40.721819
40.721824
40.721829
40.721833
40.721837
40.821710
40.821721
40.821725
40.821729
40.821732
40.821736
40.821746
40.922395
40.922411
40.922421
40.922425
40.922429
40.922483
40.922504
41.021711
41.021734
41.021738
41.021743
41.021747
41.021751
41.125991
41.126001
41.126009
41.126013
41.126019
41.126024
41.126050
41.221530
41.221539
41.221575
41.221607
41.221642
41.221701
41.221717
41.321674
41.321690
41.321701
41.321707
41.321779
41.321820
41.421735
41.421754
41.421760
41.421770
41.421774
41.421850
41.421861
41.521756
41.521774
41.521780
41.521789
41.521824
41.521940
41.521968
41.625428
41.625437
41.625440
41.625448
41.625453
41.625600
41.721580
41.721591
41.721627
41.721635
41.721693
41.721707
41.721741
41.825678
41.825689
41.825717
41.825725
41.825739
41.825786
41.825795
41.921618
41.921629
41.921646
41.921689
41.921714
41.921768
42.021696
42.021723
42.021737
42.021744
42.021750
42.021839
42.021848
42.121748
42.121767
42.121773
42.121781
42.121815
42.121877
42.121913
42.221585
42.221597
42.221656
42.221666
42.221673
42.221677
42.326114
42.326127
42.326130
42.326138
42.326144
42.326273
42.326284
42.421621
42.421631
42.421635
42.421639
42.421649
42.421653
42.421722
42.521610
42.521620
42.521628
42.521664
42.521695
42.521704
42.621568
42.621578
42.621606
42.621614
42.621639
42.621672
42.621683

